3 0.191047 0.480463 0.060103 0.110693
1 0.248987 0.475851 0.056644 0.108387
4 0.303902 0.470662 0.053185 0.103775
5 0.358888 0.479598 0.057941 0.106657
5 0.412505 0.461438 0.057941 0.107234
3 0.464969 0.457690 0.054482 0.104351
5 0.517505 0.451637 0.052320 0.104928
7 0.571842 0.447601 0.054914 0.102622
3 0.623730 0.446064 0.048861 0.102622
4 0.674897 0.440875 0.050590 0.106081
6 0.732189 0.465665 0.057941 0.107234
8 0.785518 0.454711 0.050158 0.103775
6 0.838774 0.454711 0.053185 0.104928
7 0.893040 0.456441 0.061400 0.107234