4 0.480384 0.106529 0.128491 0.074079
1 0.477762 0.174708 0.130239 0.063590
3 0.491747 0.238954 0.128491 0.063590
4 0.515785 0.301123 0.122372 0.060312
1 0.516659 0.363074 0.127617 0.060968
5 0.520592 0.425353 0.126743 0.060968
5 0.514473 0.486430 0.123246 0.055068
2 0.515348 0.543792 0.124995 0.058345
6 0.515785 0.604432 0.124120 0.060312
0 0.519281 0.668022 0.124120 0.059001
4 0.512288 0.728989 0.124120 0.060312
5 0.514036 0.789957 0.125869 0.061623
7 0.513162 0.851908 0.122372 0.060968
6 0.513162 0.921398 0.120624 0.074079