5 0.065977 0.429447 0.065906 0.073511
8 0.132305 0.424694 0.068441 0.069075
8 0.199901 0.418357 0.059992 0.072877
1 0.262850 0.418040 0.067596 0.072243
5 0.325799 0.421525 0.061681 0.076679
0 0.389452 0.422793 0.066751 0.074144
4 0.453246 0.418673 0.060837 0.073511
1 0.517462 0.416772 0.060837 0.074778
6 0.579144 0.418040 0.064216 0.076046
3 0.643783 0.418040 0.061681 0.074778
1 0.706309 0.413921 0.065061 0.072877
8 0.771793 0.413604 0.065906 0.073511
2 0.835164 0.407267 0.062526 0.073511
3 0.902760 0.409485 0.070976 0.072877