2 0.121076 0.514802 0.069672 0.118340
5 0.186089 0.515986 0.058578 0.118340
8 0.243706 0.498235 0.056359 0.111239
7 0.302950 0.519832 0.063016 0.116565
3 0.365078 0.519240 0.063016 0.115381
0 0.421659 0.507406 0.060797 0.111831
8 0.479646 0.507998 0.061685 0.113014
6 0.537114 0.503560 0.062128 0.112423
6 0.593252 0.492318 0.060797 0.117156
5 0.653531 0.484034 0.061241 0.115973
4 0.714550 0.492318 0.061685 0.117156
2 0.769578 0.484922 0.057247 0.116565
1 0.829709 0.494389 0.063903 0.118931
1 0.894722 0.492909 0.066122 0.119523