4 0.086537 0.494719 0.081115 0.078580
8 0.162583 0.500422 0.070976 0.072243
3 0.226799 0.496620 0.064216 0.069708
2 0.296930 0.491550 0.072666 0.069708
3 0.358893 0.482995 0.062526 0.074144
5 0.421842 0.480777 0.063371 0.070976
7 0.485354 0.480144 0.067596 0.072243
6 0.548303 0.481411 0.059992 0.069708
7 0.611674 0.479193 0.065061 0.069075
8 0.672088 0.473807 0.065906 0.072243
2 0.738840 0.484897 0.067596 0.072877
8 0.801366 0.485530 0.069286 0.071610
1 0.865160 0.485213 0.068441 0.072243
6 0.936558 0.483946 0.070976 0.072243