5 0.568019 0.142797 0.117448 0.058302
0 0.566751 0.201415 0.109844 0.053866
2 0.562526 0.256548 0.116603 0.057668
4 0.561259 0.313477 0.114068 0.057034
7 0.565484 0.369877 0.110689 0.054499
0 0.565484 0.424060 0.117448 0.052598
3 0.563371 0.478876 0.113223 0.054499
7 0.567174 0.533059 0.117448 0.051331
4 0.581115 0.587558 0.101394 0.052598
2 0.581538 0.641741 0.105619 0.050697
7 0.592522 0.695923 0.107309 0.047529
2 0.586608 0.748838 0.112379 0.057034
3 0.577736 0.803443 0.111534 0.052598
6 0.582383 0.860794 0.112379 0.059569