8 0.076657 0.490628 0.071376 0.076046
4 0.146366 0.487876 0.065373 0.073544
3 0.210404 0.491128 0.065373 0.075045
5 0.278778 0.485375 0.074044 0.072544
6 0.347153 0.483373 0.064038 0.069542
3 0.410858 0.483123 0.067374 0.073044
4 0.475897 0.475118 0.065373 0.072043
1 0.539935 0.471616 0.068041 0.075045
5 0.603418 0.464612 0.063371 0.072043
6 0.671458 0.466113 0.068708 0.074044
7 0.735163 0.463862 0.068041 0.071543
7 0.801537 0.468114 0.071376 0.073044
3 0.866687 0.462111 0.061148 0.071043
5 0.936284 0.463111 0.074044 0.074044