5 0.183624 0.427558 0.060427 0.118044
8 0.242294 0.421000 0.058319 0.108675
8 0.299208 0.414910 0.054103 0.109612
1 0.354717 0.416784 0.055509 0.115233
5 0.411280 0.421000 0.056211 0.112423
0 0.465383 0.423810 0.053401 0.114296
4 0.520189 0.417721 0.053401 0.113360
1 0.572887 0.417252 0.051996 0.116170
6 0.626288 0.421936 0.054806 0.110549
3 0.680977 0.424747 0.054103 0.114296
1 0.736486 0.417721 0.056914 0.113360
8 0.791995 0.417721 0.062535 0.111486
2 0.841999 0.411163 0.054806 0.107738
3 0.897508 0.414910 0.063238 0.107738