4 0.065050 0.476098 0.081895 0.076046
3 0.137846 0.473660 0.061096 0.073121
3 0.201868 0.473904 0.065646 0.072633
7 0.269139 0.467323 0.068896 0.073121
1 0.333485 0.462936 0.067596 0.073121
4 0.401731 0.463911 0.066296 0.075071
0 0.462719 0.460417 0.064346 0.074583
5 0.528040 0.457980 0.067596 0.075558
8 0.590762 0.454811 0.072146 0.075071
0 0.653808 0.449205 0.065646 0.072633
6 0.719129 0.450424 0.064996 0.074096
3 0.784776 0.453836 0.066296 0.075071
2 0.852155 0.447987 0.071496 0.074096
6 0.917476 0.447499 0.070846 0.077996