4 0.134475 0.550895 0.077831 0.138943
8 0.203226 0.552913 0.064859 0.118765
3 0.264842 0.542536 0.065292 0.118765
2 0.324729 0.537347 0.064859 0.119918
3 0.384832 0.515439 0.063130 0.118765
5 0.445295 0.510250 0.061832 0.118765
7 0.503668 0.504773 0.060103 0.117035
6 0.560961 0.506503 0.063130 0.114729
7 0.620631 0.499873 0.063130 0.116458
8 0.677059 0.488342 0.066156 0.116458
2 0.739540 0.505350 0.063130 0.118188
8 0.800075 0.501891 0.065724 0.118188
1 0.858232 0.498720 0.067021 0.119918
6 0.921434 0.497278 0.072642 0.120494