2 0.474370 0.090093 0.140262 0.079214
2 0.472680 0.163921 0.140262 0.068441
7 0.469723 0.231094 0.142797 0.063371
6 0.485354 0.298902 0.140262 0.069708
5 0.494649 0.366286 0.136882 0.065906
0 0.503943 0.432510 0.138572 0.060203
0 0.521265 0.495564 0.132657 0.063371
0 0.496761 0.561470 0.141107 0.062104
3 0.508590 0.628644 0.134347 0.063371
8 0.490001 0.693283 0.137727 0.067174
2 0.490424 0.760456 0.136882 0.065906
4 0.484509 0.825940 0.133502 0.063371
8 0.491269 0.894381 0.143642 0.073511
1 0.489579 0.965357 0.136882 0.068441