3 0.539538 0.066759 0.076701 0.076883
6 0.539810 0.135300 0.076157 0.071805
5 0.538450 0.200215 0.076701 0.072531
4 0.536546 0.265251 0.078333 0.068179
5 0.534371 0.330529 0.076157 0.062376
5 0.534643 0.396774 0.073437 0.068179
4 0.531651 0.461689 0.072893 0.060201
2 0.517507 0.523461 0.072893 0.062376
4 0.513699 0.589343 0.073981 0.063102
1 0.514515 0.653895 0.073437 0.061651
7 0.509619 0.717843 0.073437 0.065278
1 0.511795 0.788198 0.076701 0.068179
0 0.517235 0.854201 0.074525 0.065278
6 0.515875 0.921776 0.073981 0.070355