1 0.074528 0.587990 0.079665 0.125603
4 0.145762 0.574422 0.063965 0.126379
3 0.210599 0.568995 0.066872 0.123277
3 0.272528 0.560854 0.063965 0.122502
6 0.338237 0.556202 0.063965 0.127154
4 0.401620 0.550387 0.065128 0.126379
5 0.462678 0.536818 0.065128 0.119401
5 0.518986 0.513171 0.065709 0.118625
7 0.582369 0.508131 0.061057 0.117850
3 0.645558 0.517694 0.064546 0.116299
8 0.706906 0.513817 0.055824 0.120951
7 0.767866 0.522733 0.061057 0.118625
5 0.831540 0.516531 0.059313 0.121727
6 0.893761 0.499861 0.068617 0.117850