7 0.087918 0.524903 0.085898 0.140528
4 0.164594 0.521038 0.067454 0.138420
2 0.232574 0.523498 0.068508 0.137718
5 0.301258 0.517876 0.068508 0.136313
7 0.367657 0.493635 0.069562 0.128583
1 0.430895 0.486609 0.063238 0.124368
6 0.496768 0.492581 0.068508 0.125070
5 0.557722 0.471502 0.065346 0.125070
1 0.619906 0.459557 0.069562 0.125070
6 0.681826 0.466584 0.066927 0.125070
3 0.751124 0.475718 0.072723 0.127881
4 0.806721 0.460962 0.061657 0.130691
3 0.869695 0.467286 0.067454 0.122260
2 0.940574 0.467286 0.077466 0.127881