3 0.487557 0.138964 0.117086 0.064277
1 0.484539 0.202788 0.123121 0.061561
0 0.485746 0.259370 0.118293 0.058845
7 0.487557 0.320025 0.119500 0.058845
8 0.488161 0.378418 0.115879 0.059750
2 0.491178 0.435452 0.114672 0.052508
5 0.496007 0.491128 0.114672 0.057034
8 0.494800 0.549068 0.117086 0.057034
7 0.498421 0.605649 0.117086 0.054318
3 0.499024 0.662231 0.113465 0.055224
6 0.502645 0.721377 0.111051 0.057034
5 0.502645 0.777506 0.115879 0.051602
1 0.503853 0.835898 0.113465 0.054318
2 0.499024 0.893838 0.108637 0.059750