3 0.480729 0.080433 0.130642 0.076046
6 0.484628 0.148801 0.132592 0.072390
5 0.484628 0.216438 0.136492 0.070196
4 0.482678 0.282246 0.132592 0.070196
5 0.480241 0.349152 0.133567 0.065078
5 0.484141 0.413864 0.127718 0.067271
4 0.480241 0.478576 0.131617 0.062153
2 0.453430 0.543531 0.128693 0.061421
4 0.448555 0.606171 0.122843 0.062884
1 0.454405 0.669665 0.128693 0.066540
7 0.445631 0.734742 0.128693 0.066540
1 0.450993 0.799088 0.123818 0.063615
0 0.465617 0.855757 0.119918 0.065809
6 0.462205 0.920103 0.122843 0.077508