1 0.112704 0.459528 0.069140 0.130410
6 0.181001 0.455031 0.064081 0.130410
0 0.243395 0.456155 0.067454 0.123665
1 0.310006 0.448286 0.072513 0.121417
7 0.368184 0.440416 0.060708 0.119168
5 0.429736 0.453907 0.059022 0.119168
4 0.491287 0.450534 0.064081 0.125913
8 0.550309 0.446037 0.060708 0.121417
6 0.609331 0.444913 0.057336 0.119168
3 0.666667 0.435919 0.057336 0.128162
4 0.728218 0.443789 0.059022 0.130410
4 0.788083 0.449410 0.057336 0.128162
3 0.852164 0.453907 0.057336 0.114671
6 0.908657 0.447161 0.062395 0.114671