4 0.050860 0.455868 0.077346 0.076533
6 0.125930 0.452212 0.070196 0.075071
2 0.193201 0.449043 0.066946 0.075558
3 0.260473 0.450749 0.068896 0.074096
6 0.328502 0.449043 0.070196 0.076533
1 0.394256 0.444168 0.067813 0.072633
7 0.459361 0.445631 0.067596 0.074583
0 0.525441 0.446849 0.070196 0.074096
4 0.590762 0.437831 0.066946 0.076533
0 0.658033 0.433200 0.070196 0.074096
3 0.726279 0.431981 0.063696 0.076533
8 0.791600 0.434175 0.064346 0.076046
3 0.857897 0.430763 0.065646 0.073121
5 0.932967 0.431006 0.084495 0.081408