8 0.079272 0.510346 0.071778 0.122800
4 0.148239 0.505158 0.065292 0.121647
3 0.213963 0.512652 0.067021 0.125106
5 0.276877 0.506022 0.065724 0.122224
6 0.338493 0.501987 0.060968 0.121071
3 0.401407 0.501410 0.063994 0.121071
4 0.459780 0.488727 0.061400 0.123377
1 0.520964 0.484403 0.061832 0.122800
5 0.581932 0.474890 0.060103 0.119918
6 0.641170 0.477773 0.060103 0.116458
7 0.700840 0.474025 0.056644 0.119341
7 0.759214 0.483538 0.057509 0.118765
3 0.817371 0.472584 0.057076 0.116458
5 0.880717 0.474890 0.065292 0.118765