0 0.117107 0.505830 0.070480 0.123377
2 0.184993 0.497470 0.061832 0.118188
7 0.246177 0.499777 0.059671 0.119341
7 0.305559 0.491993 0.058806 0.112999
0 0.366527 0.509866 0.060535 0.121071
4 0.426197 0.500930 0.057076 0.118188
4 0.484787 0.498912 0.057509 0.119918
3 0.542368 0.495453 0.055347 0.117611
8 0.602687 0.496317 0.060968 0.120494
1 0.659114 0.492570 0.051887 0.118765
7 0.716334 0.493435 0.059671 0.117035
5 0.776798 0.486228 0.059526 0.122224
2 0.835531 0.492858 0.058806 0.118188
1 0.897796 0.496317 0.065724 0.120494