7 0.139641 0.462166 0.058578 0.107689
7 0.196740 0.459960 0.055779 0.111558
2 0.253816 0.456933 0.058373 0.105504
3 0.310568 0.453907 0.060319 0.109828
6 0.366022 0.453907 0.057076 0.111558
3 0.422774 0.455204 0.053833 0.108964
5 0.477256 0.452610 0.056428 0.107234
4 0.530441 0.453042 0.056428 0.111558
2 0.585571 0.448286 0.055130 0.107234
7 0.639404 0.449150 0.053833 0.107234
2 0.692589 0.445691 0.052536 0.110693
4 0.748692 0.455204 0.057076 0.108964
0 0.803390 0.451745 0.059671 0.105504
0 0.858520 0.452610 0.062265 0.110693