2 0.109168 0.502968 0.078992 0.125440
3 0.175734 0.500602 0.066566 0.125440
6 0.238085 0.499418 0.069672 0.124257
7 0.300139 0.498235 0.063016 0.119523
1 0.359161 0.495868 0.062128 0.120706
6 0.421955 0.497051 0.065235 0.118340
7 0.478758 0.478709 0.059909 0.118340
7 0.537854 0.476342 0.061241 0.117156
4 0.598873 0.485809 0.065235 0.117156
2 0.657451 0.484626 0.059022 0.119523
8 0.718026 0.481371 0.059466 0.118931
8 0.771057 0.472200 0.063460 0.118340
3 0.825789 0.465593 0.060797 0.114198
5 0.882888 0.462930 0.066122 0.117156