5 0.076757 0.338915 0.063006 0.073852
0 0.141001 0.339741 0.061259 0.073933
2 0.205429 0.342645 0.063371 0.073405
4 0.269152 0.341853 0.059851 0.071821
7 0.332524 0.341325 0.061259 0.070765
0 0.395895 0.339477 0.065484 0.073405
3 0.460675 0.340533 0.066892 0.072349
7 0.523694 0.338685 0.060555 0.073933
4 0.583897 0.331555 0.062667 0.074461
2 0.647972 0.332084 0.064075 0.075518
7 0.709583 0.321786 0.063371 0.073933
2 0.774363 0.327595 0.067596 0.074989
3 0.838086 0.333932 0.062667 0.072877
6 0.904626 0.328475 0.071821 0.076046