2 0.089532 0.409801 0.075396 0.074096
1 0.158753 0.411264 0.064346 0.073121
6 0.221150 0.408339 0.059147 0.075071
4 0.285496 0.407364 0.065646 0.073121
2 0.350276 0.409070 0.064346 0.072633
0 0.413647 0.408095 0.064996 0.076533
2 0.477235 0.402002 0.060447 0.072146
0 0.538657 0.407608 0.066296 0.071658
3 0.604086 0.406877 0.066296 0.074096
0 0.666808 0.396640 0.064346 0.073121
5 0.731804 0.396883 0.063046 0.071658
8 0.797125 0.397615 0.067596 0.076046
8 0.865046 0.403464 0.070846 0.075071
7 0.933942 0.403464 0.069546 0.075071