1 0.081327 0.443916 0.076046 0.070342
6 0.147233 0.444867 0.076046 0.083650
0 0.216941 0.441065 0.073511 0.083650
1 0.279045 0.443916 0.070976 0.077947
7 0.343684 0.438213 0.073511 0.077947
5 0.408323 0.443916 0.070976 0.077947
4 0.469159 0.442015 0.070976 0.077947
8 0.536333 0.441065 0.073511 0.076046
6 0.600972 0.438213 0.070976 0.074144
3 0.659273 0.436312 0.055767 0.074144
4 0.725180 0.439163 0.070976 0.076046
4 0.789818 0.442015 0.058302 0.081749
3 0.854457 0.446768 0.065906 0.072243
3 0.920363 0.442966 0.070976 0.079848