1 0.503521 0.107414 0.136037 0.076679
0 0.504788 0.178074 0.136882 0.064639
7 0.504225 0.242712 0.136882 0.062104
8 0.508590 0.307879 0.134347 0.065272
0 0.526193 0.373152 0.130123 0.058935
3 0.533939 0.434305 0.129278 0.060837
2 0.535206 0.497148 0.130123 0.055133
6 0.536474 0.558196 0.125898 0.056401
4 0.535206 0.622095 0.126743 0.062949
3 0.543233 0.682087 0.124208 0.057034
3 0.532531 0.741022 0.124208 0.057457
6 0.535910 0.801753 0.125898 0.062738
4 0.538445 0.860689 0.129278 0.058935
5 0.540135 0.923532 0.127588 0.070976