2 0.109250 0.363791 0.064163 0.067728
2 0.173809 0.364385 0.068124 0.070105
7 0.233616 0.357553 0.062579 0.068322
0 0.295007 0.358147 0.066540 0.071887
7 0.358378 0.356959 0.063371 0.069510
3 0.420957 0.354880 0.068124 0.071293
3 0.479180 0.347453 0.059411 0.069510
2 0.542947 0.350424 0.061787 0.068322
6 0.603150 0.351612 0.061787 0.071887
4 0.665069 0.353691 0.064163 0.072481
5 0.728441 0.351315 0.062579 0.072481
0 0.789039 0.350424 0.061787 0.070699
4 0.848054 0.349830 0.062579 0.070699
7 0.913406 0.351315 0.064956 0.071293