5 0.050101 0.557018 0.077996 0.077996
5 0.122897 0.555799 0.072796 0.077508
3 0.191468 0.548487 0.068246 0.073608
7 0.257114 0.545075 0.068246 0.074583
4 0.322111 0.548975 0.070846 0.073608
1 0.391332 0.542881 0.066296 0.075071
2 0.456978 0.539469 0.067596 0.075071
3 0.519916 0.535325 0.065646 0.071658
6 0.584262 0.533376 0.060447 0.073608
7 0.648609 0.530451 0.073446 0.072633
6 0.718155 0.529476 0.066946 0.073608
1 0.783909 0.533619 0.066296 0.074096
2 0.846631 0.533619 0.060447 0.074096
4 0.913902 0.533132 0.076696 0.077021