4 0.114296 0.453847 0.072642 0.125106
3 0.179156 0.452982 0.060535 0.125683
3 0.240340 0.458171 0.060968 0.122224
7 0.300010 0.446352 0.063562 0.119341
1 0.359681 0.441740 0.060103 0.120494
4 0.419351 0.446928 0.059238 0.120494
0 0.477941 0.444622 0.056211 0.117035
5 0.535665 0.442316 0.058373 0.119341
8 0.593823 0.437992 0.056211 0.116458
0 0.650466 0.432803 0.057076 0.117611
6 0.710137 0.439145 0.056211 0.118765
3 0.769375 0.449811 0.061400 0.120494
2 0.830919 0.441163 0.060535 0.114729
6 0.891887 0.441740 0.059671 0.120494