1 0.065242 0.458265 0.082564 0.074959
4 0.139115 0.450389 0.073873 0.073330
3 0.211177 0.449031 0.073149 0.074959
3 0.277446 0.444686 0.069527 0.071700
6 0.342507 0.442423 0.067355 0.075502
4 0.409862 0.441065 0.067355 0.073873
5 0.475406 0.434003 0.069527 0.076046
5 0.538053 0.422596 0.067355 0.074959
7 0.604442 0.419609 0.063009 0.070071
3 0.667813 0.426942 0.073873 0.073873
8 0.737341 0.424498 0.062285 0.073330
7 0.807955 0.429115 0.073149 0.076046
5 0.876034 0.426399 0.060112 0.072787
6 0.941578 0.419609 0.076770 0.074416