6 0.048461 0.458123 0.081251 0.129456
8 0.122047 0.457441 0.066943 0.132182
5 0.187712 0.455056 0.064388 0.131501
4 0.252099 0.454375 0.064388 0.130138
2 0.316487 0.455397 0.065410 0.126731
3 0.379852 0.455056 0.063366 0.126050
0 0.441855 0.441429 0.062344 0.123324
1 0.503177 0.454034 0.058255 0.118555
8 0.564243 0.454034 0.061832 0.121280
7 0.627353 0.457782 0.061321 0.117874
0 0.690207 0.456760 0.060299 0.124006
0 0.751869 0.454716 0.062344 0.119918
2 0.812424 0.454034 0.054678 0.124006
2 0.874172 0.449265 0.062344 0.122643