0 0.122687 0.543254 0.060122 0.115355
7 0.184717 0.543611 0.063706 0.121167
6 0.246081 0.529246 0.059959 0.119918
8 0.308148 0.530182 0.063238 0.116795
0 0.369512 0.513007 0.065111 0.119918
5 0.432281 0.520502 0.062301 0.122416
4 0.491927 0.503326 0.061364 0.116795
3 0.552823 0.511758 0.062301 0.118668
2 0.615124 0.503014 0.061364 0.117419
1 0.674614 0.487712 0.065111 0.118044
3 0.739023 0.491459 0.062769 0.120542
1 0.800934 0.476782 0.059490 0.117419
8 0.862688 0.485838 0.065580 0.120542
4 0.928737 0.485838 0.064643 0.121791