8 0.442873 0.088819 0.139417 0.080204
5 0.437724 0.155656 0.138625 0.071293
1 0.439705 0.219819 0.134664 0.068916
3 0.438121 0.281904 0.133080 0.069510
6 0.440497 0.349236 0.128327 0.064758
0 0.448814 0.412805 0.132288 0.060005
8 0.453567 0.473998 0.132288 0.057628
2 0.456340 0.536973 0.131496 0.060005
7 0.459508 0.601533 0.131496 0.067134
0 0.466110 0.662726 0.129911 0.062381
4 0.474031 0.723028 0.129911 0.060599
3 0.480500 0.781547 0.129119 0.058817
4 0.485517 0.844225 0.125951 0.062975
1 0.492250 0.909874 0.131496 0.073075