5 0.082674 0.395852 0.065557 0.070146
7 0.143423 0.392902 0.057690 0.068179
4 0.204172 0.384708 0.060312 0.067523
3 0.265795 0.388313 0.061186 0.066868
0 0.327856 0.387986 0.062934 0.070146
2 0.390790 0.388969 0.062934 0.068179
7 0.451102 0.383069 0.064682 0.069490
2 0.512288 0.382086 0.061186 0.068834
3 0.574785 0.381102 0.065557 0.073423
6 0.635535 0.383724 0.059438 0.070801
0 0.700217 0.385363 0.066431 0.072768
4 0.764025 0.385691 0.062934 0.072112
7 0.826814 0.381758 0.060312 0.072112
2 0.892808 0.388641 0.064682 0.070146