0 0.083358 0.422557 0.074746 0.072633
1 0.153554 0.422557 0.066946 0.071658
4 0.218550 0.421582 0.060447 0.070683
0 0.282246 0.423532 0.064346 0.070683
6 0.346593 0.424994 0.061746 0.072633
3 0.408339 0.424751 0.060447 0.072146
8 0.472360 0.431088 0.061096 0.074096
2 0.534757 0.425726 0.063696 0.074096
2 0.599103 0.427188 0.062396 0.074096
7 0.661283 0.424019 0.061096 0.071658
0 0.728121 0.428650 0.066946 0.074096
2 0.790517 0.420120 0.064346 0.073608
5 0.853997 0.414757 0.060447 0.071658
8 0.921160 0.416464 0.072146 0.074096