1 0.105022 0.566517 0.075885 0.131160
0 0.174724 0.563144 0.061270 0.128911
2 0.240772 0.557523 0.069702 0.128162
7 0.304759 0.547405 0.062395 0.121417
6 0.367997 0.546281 0.061832 0.123665
0 0.431235 0.551902 0.061270 0.124414
8 0.492224 0.526419 0.065205 0.118419
0 0.553307 0.523421 0.060708 0.121417
3 0.612891 0.518924 0.060708 0.118419
5 0.674349 0.527918 0.058460 0.121417
8 0.735900 0.524920 0.063519 0.122915
2 0.797171 0.520423 0.054525 0.118419
4 0.856755 0.531291 0.062395 0.126663
2 0.924489 0.535038 0.073075 0.120667