3 0.073735 0.520635 0.066540 0.070105
2 0.140275 0.521229 0.060203 0.072481
4 0.204439 0.507862 0.057034 0.068322
5 0.268998 0.513506 0.059411 0.074857
3 0.332766 0.505486 0.064956 0.065946
1 0.395345 0.499545 0.060203 0.069510
6 0.456736 0.502119 0.064163 0.067134
7 0.519315 0.504495 0.060995 0.068322
5 0.581894 0.497960 0.060995 0.070699
1 0.643285 0.495287 0.061787 0.070105
8 0.705864 0.494099 0.066540 0.067728
2 0.771216 0.496178 0.060995 0.069510
5 0.835248 0.494792 0.066540 0.070699
2 0.907333 0.492415 0.072877 0.070699