5 0.059634 0.402571 0.079295 0.076533
2 0.134705 0.399890 0.069546 0.075071
7 0.203276 0.399158 0.068896 0.075558
5 0.269897 0.398183 0.068246 0.075558
4 0.338143 0.397696 0.066946 0.074583
2 0.404439 0.398915 0.068246 0.076046
8 0.469760 0.393552 0.067596 0.074096
8 0.537465 0.389896 0.063046 0.074583
6 0.600836 0.393309 0.064996 0.073608
6 0.666483 0.388434 0.064996 0.075558
1 0.733104 0.384778 0.065646 0.074096
0 0.802325 0.387215 0.070196 0.073121
1 0.866671 0.384534 0.064996 0.073608
3 0.935134 0.382341 0.071496 0.075071