1 0.099071 0.499049 0.065906 0.077947
6 0.168779 0.499049 0.068441 0.081749
4 0.230883 0.494297 0.070976 0.079848
3 0.295522 0.489544 0.063371 0.070342
6 0.355091 0.498099 0.065906 0.076046
3 0.422264 0.490494 0.063371 0.068441
1 0.480566 0.488593 0.063371 0.072243
7 0.541403 0.484791 0.063371 0.072243
8 0.602028 0.486292 0.060036 0.068041
6 0.666066 0.492295 0.068041 0.072043
0 0.729438 0.493296 0.061370 0.070042
5 0.796144 0.488793 0.064038 0.071043
4 0.850177 0.482790 0.060036 0.073044
4 0.918885 0.484791 0.072043 0.071043