7 0.580353 0.175511 0.113517 0.057861
3 0.583108 0.232959 0.110211 0.055381
2 0.585864 0.287513 0.120130 0.053728
3 0.588619 0.341241 0.103598 0.050422
0 0.589170 0.393729 0.117926 0.051248
5 0.592476 0.447181 0.109109 0.054554
2 0.594129 0.500083 0.110211 0.049595
7 0.593027 0.551606 0.108007 0.052901
1 0.597987 0.604094 0.113517 0.053728
8 0.601293 0.655894 0.111313 0.048768
8 0.601844 0.706728 0.108007 0.052901
5 0.601293 0.758803 0.109109 0.049595
6 0.601293 0.812531 0.115722 0.054554
1 0.604048 0.867085 0.108007 0.054554