8 0.064400 0.452536 0.075396 0.078970
5 0.138821 0.455949 0.072146 0.077996
1 0.207717 0.457899 0.066946 0.078970
3 0.274555 0.460580 0.067596 0.076533
6 0.343126 0.459117 0.068246 0.077508
0 0.408881 0.456436 0.067596 0.075071
8 0.474852 0.453999 0.065646 0.076046
2 0.541040 0.451805 0.064996 0.075558
7 0.606361 0.452293 0.064346 0.077508
0 0.673740 0.449124 0.068246 0.076046
4 0.742961 0.444493 0.067596 0.075558
3 0.808824 0.439131 0.062396 0.075558
4 0.875229 0.438887 0.066946 0.075071
1 0.945425 0.434256 0.074746 0.075558