1 0.069779 0.474546 0.078580 0.076679
0 0.143712 0.472645 0.069286 0.074144
7 0.211308 0.472328 0.069286 0.073511
8 0.278059 0.469793 0.067596 0.073511
0 0.343121 0.459337 0.072666 0.074144
3 0.409027 0.456168 0.065906 0.075412
2 0.474088 0.454584 0.067596 0.076046
6 0.539572 0.454267 0.068441 0.074144
4 0.604211 0.454584 0.060837 0.076046
3 0.668005 0.450465 0.066751 0.075412
3 0.737291 0.453633 0.066751 0.072877
6 0.805309 0.452049 0.067596 0.076046
4 0.869525 0.450782 0.060837 0.074778
5 0.939656 0.450782 0.076046 0.076046