5 0.135710 0.562140 0.071308 0.127198
5 0.205573 0.561498 0.066490 0.124629
3 0.270858 0.549934 0.066972 0.120774
7 0.332450 0.547044 0.058781 0.117562
4 0.391954 0.555074 0.061190 0.124629
1 0.451457 0.543510 0.060708 0.120774
2 0.509757 0.538692 0.062636 0.117562
3 0.568297 0.535801 0.060226 0.118204
6 0.627078 0.534838 0.061190 0.120132
7 0.684654 0.527771 0.062636 0.116277
6 0.739822 0.525523 0.057336 0.115635
1 0.797157 0.533232 0.066008 0.118204
2 0.850879 0.531947 0.060708 0.118204
4 0.909982 0.533232 0.072272 0.120774