6 0.057793 0.498034 0.078645 0.073121
8 0.131238 0.495597 0.063046 0.073121
5 0.196235 0.493403 0.068246 0.074583
4 0.262531 0.493890 0.061746 0.071658
2 0.326444 0.492915 0.068246 0.072633
3 0.391440 0.491209 0.065646 0.075071
0 0.456111 0.482191 0.063696 0.070683
1 0.520458 0.488284 0.066296 0.073121
8 0.585562 0.486253 0.065646 0.070683
7 0.648934 0.489016 0.064996 0.072633
0 0.715230 0.486335 0.064996 0.073121
0 0.782501 0.486091 0.069546 0.074583
2 0.847497 0.481704 0.064346 0.075558
2 0.917260 0.479266 0.073446 0.074583