2 0.148960 0.506887 0.067886 0.113576
7 0.210793 0.504293 0.053185 0.110693
2 0.267797 0.514670 0.061400 0.112999
4 0.326170 0.506599 0.057076 0.112999
6 0.383246 0.509770 0.057941 0.112423
5 0.437079 0.501410 0.057509 0.111846
2 0.493291 0.500834 0.055779 0.109540
5 0.549502 0.513517 0.054049 0.110693
7 0.605713 0.514094 0.059238 0.115305
4 0.663006 0.504004 0.053617 0.112423
1 0.718569 0.493915 0.055779 0.110693
1 0.775212 0.494204 0.054049 0.110117
8 0.824073 0.489591 0.058373 0.108964
0 0.882230 0.487573 0.067454 0.111846