2 0.100631 0.537160 0.075342 0.072349
6 0.168227 0.535048 0.064075 0.069180
8 0.231599 0.526862 0.065484 0.070765
4 0.296026 0.528975 0.064780 0.070765
1 0.356816 0.523166 0.063371 0.070765
7 0.418427 0.525806 0.061259 0.068652
0 0.479099 0.523166 0.060555 0.069708
3 0.540006 0.521053 0.062667 0.069708
3 0.598097 0.515772 0.060555 0.070765
0 0.661703 0.526070 0.067596 0.070237
3 0.725074 0.523694 0.061963 0.072877
4 0.780348 0.509435 0.065484 0.067596
5 0.841959 0.509963 0.064780 0.070765
6 0.905800 0.507587 0.073229 0.068124