5 0.072354 0.483250 0.082155 0.134331
4 0.148023 0.484114 0.074372 0.139519
6 0.215909 0.480367 0.067454 0.136637
7 0.286029 0.458171 0.067021 0.131448
2 0.351753 0.460477 0.067886 0.134907
4 0.417910 0.465089 0.066156 0.133754
1 0.482985 0.464512 0.067454 0.131448
1 0.545250 0.436743 0.065724 0.122800
2 0.614217 0.471335 0.071345 0.132025
7 0.679869 0.467299 0.064859 0.132025
2 0.745665 0.459228 0.066156 0.133178
5 0.812614 0.454904 0.066589 0.134907
8 0.874015 0.445679 0.064859 0.132601
0 0.942405 0.442220 0.076534 0.133754