2 0.120051 0.499512 0.069863 0.122059
1 0.185096 0.499512 0.063840 0.115635
6 0.247430 0.491080 0.062033 0.121256
4 0.309162 0.491080 0.061431 0.121256
2 0.369088 0.491481 0.060829 0.120453
0 0.430519 0.487065 0.062033 0.118044
2 0.492251 0.479035 0.059022 0.116438
0 0.551273 0.488269 0.059022 0.118847
3 0.613306 0.485057 0.060226 0.122059
0 0.668112 0.462974 0.063840 0.118044
5 0.732153 0.467391 0.062636 0.122059
8 0.792982 0.466588 0.056613 0.120453
8 0.852606 0.477027 0.062636 0.122059
7 0.916446 0.474216 0.067454 0.119650