3 0.090291 0.452374 0.073446 0.072146
1 0.156912 0.450668 0.068896 0.071658
4 0.219308 0.448718 0.062396 0.068734
5 0.283005 0.456761 0.063696 0.074096
5 0.348001 0.445549 0.062396 0.073121
3 0.410722 0.444818 0.063046 0.071658
5 0.472794 0.440431 0.061096 0.069708
7 0.534865 0.440675 0.061746 0.070196
3 0.597586 0.439700 0.063696 0.072146
4 0.661283 0.436287 0.062396 0.069221
6 0.726929 0.452618 0.064996 0.071658
8 0.791925 0.446281 0.064996 0.070683
6 0.855188 0.446524 0.059797 0.068246
7 0.921809 0.448962 0.073446 0.074096