8 0.061940 0.483360 0.075228 0.074206
3 0.131853 0.477534 0.059692 0.077272
2 0.198904 0.489186 0.067869 0.077272
3 0.265138 0.489186 0.066233 0.073593
6 0.330553 0.483667 0.064598 0.071139
7 0.397195 0.482440 0.065416 0.069913
5 0.461384 0.473752 0.064598 0.072979
4 0.526391 0.478658 0.062145 0.071753
1 0.591398 0.481725 0.061327 0.072979
2 0.657222 0.470992 0.065416 0.071139
2 0.723456 0.472219 0.065416 0.073593
5 0.789689 0.468233 0.062145 0.071753
5 0.856740 0.474774 0.070322 0.076659
1 0.929515 0.473548 0.071957 0.075432