5 0.116098 0.512845 0.071345 0.123953
4 0.182687 0.516015 0.065292 0.127989
2 0.246681 0.508232 0.064427 0.126259
4 0.308730 0.509289 0.063994 0.126836
1 0.370130 0.502371 0.063130 0.126836
4 0.431963 0.505830 0.062265 0.121071
5 0.491849 0.492282 0.063562 0.123953
3 0.550655 0.470470 0.060103 0.122224
6 0.612848 0.488054 0.058806 0.122800
7 0.674752 0.495549 0.061832 0.123953
0 0.740549 0.492378 0.068607 0.124530
6 0.803822 0.502755 0.065724 0.126836
1 0.865150 0.509289 0.071345 0.126836
5 0.928785 0.508713 0.073507 0.127989