2 0.132961 0.519090 0.069616 0.118765
3 0.196524 0.515631 0.062697 0.118765
6 0.254464 0.512748 0.058373 0.115305
3 0.313198 0.500065 0.062265 0.112999
7 0.370274 0.497759 0.057076 0.112999
5 0.425477 0.485940 0.059671 0.111270
5 0.482985 0.483922 0.055347 0.112999
2 0.539125 0.483922 0.049725 0.112999
4 0.593606 0.488823 0.058373 0.112423
6 0.649818 0.480655 0.053185 0.112999
7 0.704299 0.468548 0.054049 0.108387
4 0.759069 0.477773 0.056644 0.110693
1 0.815497 0.473160 0.057941 0.110693
1 0.873870 0.472296 0.063994 0.110117