2 0.116675 0.511403 0.077399 0.127989
7 0.186939 0.509097 0.060535 0.123377
2 0.249492 0.501314 0.060535 0.128565
5 0.310892 0.490648 0.060535 0.125683
0 0.372292 0.493435 0.060535 0.121647
7 0.433260 0.490552 0.057076 0.120494
1 0.491849 0.490264 0.057509 0.121071
1 0.551880 0.483057 0.057941 0.121647
4 0.609245 0.476139 0.055347 0.118188
3 0.666105 0.473833 0.055779 0.118188
8 0.726135 0.487381 0.063130 0.124530
0 0.788616 0.495164 0.060103 0.122800
7 0.846125 0.489111 0.054914 0.116458
4 0.906660 0.494876 0.063562 0.123377