5 0.104351 0.520051 0.073507 0.127989
2 0.172237 0.511115 0.065724 0.123953
7 0.236304 0.509674 0.061832 0.122224
5 0.298497 0.505350 0.062265 0.120494
4 0.360834 0.505638 0.060968 0.118765
2 0.420937 0.506214 0.060968 0.119918
8 0.479958 0.494684 0.062265 0.116458
8 0.539413 0.491801 0.058373 0.116458
6 0.599948 0.498431 0.061832 0.120494
6 0.660411 0.488919 0.057941 0.119918
1 0.717776 0.481616 0.055347 0.117611
0 0.778527 0.487958 0.063562 0.118765
1 0.838630 0.483346 0.056644 0.123377
3 0.893544 0.478445 0.073940 0.120494