2 0.069965 0.486423 0.079886 0.077198
3 0.141401 0.484695 0.069132 0.073741
8 0.207845 0.477206 0.068364 0.074893
7 0.274289 0.473173 0.066060 0.073741
1 0.338813 0.477782 0.067596 0.073741
8 0.404873 0.475477 0.064524 0.073741
4 0.470164 0.479510 0.064524 0.074893
5 0.534176 0.475189 0.067596 0.073165
3 0.600620 0.471733 0.066828 0.074317
8 0.664119 0.470292 0.066828 0.074893
7 0.730947 0.466548 0.069901 0.078926
2 0.800335 0.471445 0.072973 0.072589
6 0.866395 0.465683 0.068364 0.074893
6 0.940521 0.463955 0.076814 0.078350