8 0.130019 0.400689 0.065987 0.116333
6 0.186842 0.394335 0.060855 0.109490
0 0.243297 0.387492 0.060855 0.119266
1 0.301953 0.386514 0.060855 0.113400
3 0.356209 0.379671 0.056456 0.111445
1 0.410832 0.383093 0.055723 0.112423
8 0.466065 0.382115 0.055723 0.110468
3 0.521055 0.380649 0.054256 0.109490
4 0.574944 0.377716 0.054989 0.111445
5 0.627368 0.374294 0.052790 0.112423
2 0.679424 0.371850 0.054256 0.111445
8 0.732947 0.369895 0.054256 0.109490
1 0.786226 0.366474 0.049857 0.104602
5 0.839749 0.365007 0.051323 0.105580