3 0.098089 0.472207 0.068016 0.115421
2 0.164418 0.470333 0.060146 0.114671
4 0.223159 0.450472 0.058460 0.116920
5 0.284711 0.456093 0.057898 0.117669
3 0.344482 0.446349 0.060146 0.114671
1 0.402380 0.432859 0.056773 0.114671
6 0.459715 0.435107 0.055649 0.114671
7 0.517332 0.439979 0.057336 0.115421
5 0.573824 0.427238 0.059022 0.116920
1 0.631441 0.421616 0.058460 0.111673
8 0.687933 0.420492 0.060146 0.113922
2 0.744707 0.419368 0.055649 0.116170
5 0.800637 0.419368 0.056211 0.116170
2 0.860783 0.413747 0.064081 0.113922