5 0.076112 0.486771 0.071293 0.073669
4 0.142652 0.486177 0.060203 0.074857
2 0.209191 0.488851 0.068124 0.070699
5 0.274939 0.490336 0.060203 0.071293
1 0.339499 0.483801 0.060995 0.070105
6 0.404454 0.482613 0.065748 0.070105
3 0.469410 0.471324 0.062579 0.068916
2 0.534762 0.472513 0.063371 0.068916
7 0.594569 0.461225 0.065748 0.070105
5 0.659128 0.460532 0.064956 0.070699
1 0.723688 0.464987 0.064163 0.071293
8 0.789039 0.461720 0.061787 0.070699
3 0.855183 0.464096 0.065748 0.073075
2 0.925288 0.459046 0.074461 0.074857