8 0.558665 0.080534 0.142233 0.085023
2 0.557609 0.151827 0.141529 0.074461
1 0.560778 0.219863 0.136600 0.072877
3 0.560426 0.289308 0.137305 0.069180
1 0.557961 0.354880 0.132376 0.064428
0 0.567467 0.421420 0.130263 0.064428
7 0.548104 0.486023 0.130967 0.062315
6 0.549512 0.549394 0.132376 0.062315
8 0.544583 0.614878 0.130967 0.062315
0 0.551624 0.678778 0.122518 0.065484
5 0.558665 0.743733 0.129559 0.068652
4 0.522403 0.807633 0.128855 0.069708
3 0.521699 0.876373 0.128855 0.063899
4 0.517474 0.940008 0.141529 0.079214