2 0.055207 0.393159 0.080156 0.076559
5 0.132623 0.392389 0.070565 0.075018
8 0.196337 0.384681 0.059603 0.073990
7 0.263476 0.396499 0.067824 0.076046
3 0.331301 0.394444 0.067824 0.073990
0 0.398098 0.389049 0.071250 0.072449
8 0.464895 0.388792 0.070565 0.073990
6 0.532605 0.384938 0.069880 0.076559
6 0.597346 0.377231 0.071935 0.075532
5 0.665171 0.372350 0.067824 0.076046
4 0.736421 0.374662 0.067824 0.074504
2 0.803903 0.370808 0.064399 0.076046
1 0.872070 0.375176 0.069195 0.077587
1 0.947088 0.375432 0.079471 0.080156