12 0.123665 0.497314 0.059584 0.116170
14 0.185216 0.504434 0.062395 0.115421
10 0.247330 0.503310 0.059584 0.116170
9 0.304853 0.494316 0.060708 0.111673
12 0.366966 0.500687 0.060146 0.115421
17 0.425988 0.497689 0.057898 0.110924
14 0.484167 0.493942 0.059584 0.112423
10 0.542908 0.488695 0.060146 0.109425
13 0.599963 0.483824 0.059584 0.111673
10 0.661233 0.486447 0.060708 0.110924
9 0.720911 0.481950 0.060146 0.112423
9 0.778996 0.477453 0.060146 0.112423
10 0.836893 0.471832 0.059022 0.113172
14 0.899569 0.478577 0.062957 0.108675