17 0.080570 0.556564 0.060535 0.117035
11 0.142618 0.551376 0.062697 0.114729
15 0.207045 0.559159 0.060968 0.116458
9 0.268878 0.551087 0.064427 0.115305
13 0.333088 0.555700 0.062265 0.117611
10 0.396867 0.550223 0.064427 0.118188
12 0.459564 0.543593 0.062697 0.116458
17 0.522910 0.550223 0.061400 0.113576
11 0.584526 0.550511 0.064427 0.115305
14 0.649385 0.552817 0.066156 0.116458
13 0.711794 0.537539 0.066156 0.115882
12 0.774708 0.531774 0.063994 0.114729
16 0.835676 0.527162 0.066589 0.115882
11 0.899021 0.524856 0.067021 0.114729