26 0.042085 0.328556 0.079295 0.079945
20 0.113906 0.332700 0.076046 0.086283
18 0.186052 0.339280 0.079945 0.082870
18 0.260148 0.342205 0.076046 0.082870
26 0.331643 0.339768 0.073446 0.082870
18 0.404981 0.339687 0.071496 0.083358
22 0.473877 0.332131 0.067596 0.083845
24 0.544398 0.338712 0.069546 0.082383
19 0.617194 0.335543 0.072146 0.080920
23 0.687065 0.335056 0.070196 0.085795
23 0.757261 0.336762 0.074096 0.082383
21 0.826590 0.331400 0.075396 0.086283
24 0.895053 0.332131 0.075396 0.083845
23 0.961674 0.341393 0.072146 0.082870