23 0.081939 0.546439 0.058373 0.109828
21 0.142582 0.546007 0.060319 0.110693
23 0.202901 0.539089 0.057725 0.108964
22 0.266788 0.559843 0.060968 0.110693
19 0.330242 0.540818 0.061616 0.110693
18 0.394128 0.540818 0.059671 0.110693
24 0.456393 0.538224 0.064859 0.112423
20 0.517036 0.525252 0.057725 0.110693
20 0.576491 0.520063 0.062913 0.110693
24 0.640053 0.534332 0.060319 0.111558
19 0.704804 0.533467 0.068751 0.115017
21 0.767069 0.525252 0.060968 0.114152
25 0.828361 0.520928 0.060319 0.112423
23 0.890950 0.517469 0.062265 0.112423