9 0.054844 0.548162 0.064719 0.114246
9 0.116601 0.539654 0.062440 0.115461
9 0.178129 0.538135 0.064263 0.114853
12 0.241481 0.536920 0.060617 0.116069
13 0.302934 0.529324 0.062896 0.111815
14 0.367045 0.526285 0.064719 0.114246
14 0.427814 0.520512 0.061984 0.114853
15 0.488963 0.519195 0.062440 0.115461
16 0.549960 0.517372 0.061984 0.111815
17 0.611033 0.505219 0.064719 0.109384
32 0.732838 0.499873 0.080858 0.118765
32 0.797553 0.488630 0.067886 0.119341
32 0.871853 0.502755 0.091668 0.089938
17 0.435271 0.246067 0.064521 0.121221