2 0.085416 0.444899 0.076696 0.075071
7 0.156912 0.441975 0.063696 0.074096
2 0.224508 0.448068 0.070196 0.073608
4 0.290479 0.441731 0.063046 0.073608
6 0.357317 0.443681 0.066296 0.074583
5 0.422638 0.437587 0.066946 0.075071
2 0.488393 0.434906 0.063696 0.071658
5 0.554581 0.444412 0.069546 0.073121
7 0.620877 0.442218 0.064346 0.076533
4 0.685548 0.434175 0.071496 0.072146
1 0.752928 0.427838 0.062396 0.075071
1 0.819440 0.426375 0.067596 0.072146
8 0.885087 0.421501 0.062396 0.076046
0 0.957341 0.420038 0.077346 0.075071