25 0.053134 0.510383 0.075396 0.077021
25 0.126255 0.508190 0.073446 0.075558
26 0.192226 0.503559 0.070196 0.074096
20 0.261772 0.504533 0.068896 0.075071
26 0.330452 0.502827 0.068896 0.074583
23 0.399998 0.507702 0.067596 0.076533
22 0.464344 0.503071 0.070196 0.076046
22 0.529990 0.491859 0.074096 0.078970
23 0.598561 0.490803 0.068246 0.077508
19 0.664858 0.491534 0.069546 0.077021
20 0.734404 0.492509 0.070846 0.075071
23 0.801241 0.484710 0.079295 0.077996
20 0.868188 0.484710 0.075396 0.077021
19 0.939358 0.483491 0.085145 0.078483