25 0.056818 0.487634 0.071496 0.071171
18 0.124414 0.486416 0.067596 0.074583
24 0.192010 0.489584 0.074096 0.073121
18 0.258956 0.486903 0.067596 0.075558
22 0.326552 0.485197 0.067596 0.076046
19 0.392523 0.486172 0.069546 0.076046
25 0.455245 0.482029 0.067596 0.074583
19 0.520566 0.481541 0.066946 0.077508
23 0.587187 0.476666 0.068896 0.075558
22 0.654025 0.474229 0.070846 0.075558
18 0.719779 0.473985 0.071496 0.075071
22 0.786726 0.468867 0.075396 0.077508
26 0.854322 0.467648 0.077996 0.077996
26 0.921485 0.465942 0.077996 0.078483