16 0.052484 0.328150 0.080595 0.080433
13 0.121381 0.327419 0.076696 0.078970
16 0.190277 0.326444 0.074096 0.080920
11 0.258848 0.327419 0.073446 0.078970
14 0.327852 0.326687 0.070196 0.078483
14 0.399023 0.326687 0.069546 0.079458
13 0.466511 0.325469 0.070196 0.080920
14 0.535407 0.324006 0.070196 0.077996
11 0.603761 0.321082 0.069546 0.077021
14 0.673307 0.321325 0.070846 0.078483
16 0.742853 0.316694 0.066946 0.080920
11 0.812616 0.316938 0.070846 0.081408
10 0.883245 0.316694 0.078645 0.080920
15 0.955716 0.316207 0.080595 0.081895