12 0.070900 0.350817 0.075396 0.071171
14 0.133296 0.354230 0.070196 0.070196
10 0.195693 0.352523 0.075396 0.069708
9 0.260906 0.351061 0.068896 0.071658
12 0.324927 0.353255 0.066946 0.072146
17 0.388299 0.352767 0.066296 0.073121
14 0.451995 0.350817 0.062396 0.069221
10 0.514825 0.350086 0.063696 0.071658
13 0.577546 0.347161 0.063046 0.074583
10 0.642109 0.348136 0.066946 0.071658
9 0.706239 0.344968 0.068246 0.071171
9 0.769610 0.343505 0.068896 0.072146
10 0.834281 0.341312 0.068246 0.070683
14 0.901877 0.345943 0.076046 0.073121