16 0.082524 0.411769 0.082372 0.075994
11 0.152139 0.411496 0.077269 0.076540
17 0.226128 0.404662 0.076540 0.078181
11 0.295015 0.403022 0.074354 0.077087
17 0.365723 0.396188 0.069980 0.078727
11 0.434610 0.395914 0.066335 0.078181
12 0.503496 0.409309 0.068522 0.079821
14 0.572747 0.400015 0.069980 0.075447
9 0.644549 0.404388 0.069251 0.079821
15 0.713071 0.405482 0.070709 0.079821
13 0.782686 0.396734 0.074354 0.082008
10 0.850965 0.397828 0.077269 0.079821
12 0.926776 0.396188 0.084559 0.080914