25 0.413121 0.080934 0.115879 0.065182
25 0.416380 0.144215 0.113706 0.060293
26 0.421812 0.205323 0.118776 0.058664
20 0.420363 0.266341 0.112982 0.061923
26 0.423985 0.328264 0.115879 0.059750
23 0.414207 0.390730 0.116603 0.058664
22 0.420725 0.452381 0.113706 0.061380
22 0.443177 0.512674 0.118052 0.061380
23 0.442815 0.572968 0.118776 0.061380
19 0.441729 0.634709 0.118052 0.060293
20 0.439918 0.698805 0.117328 0.062466
23 0.454403 0.761724 0.114431 0.059750
20 0.453316 0.823375 0.118052 0.060293
19 0.456938 0.887290 0.116603 0.065725