34 0.187460 0.217737 0.119593 0.060447
3 0.188435 0.276234 0.117643 0.058497
12 0.189085 0.333756 0.115043 0.056547
34 0.201759 0.395502 0.127393 0.064346
34 0.192010 0.626483 0.120893 0.058984
1 0.203709 0.687173 0.115693 0.061421
17 0.204684 0.746157 0.116343 0.054597
34 0.205009 0.804166 0.115693 0.059472
34 0.408556 0.778330 0.108544 0.054597
6 0.374433 0.219525 0.110494 0.059472
34 0.384507 0.279728 0.111144 0.058984
34 0.402381 0.336518 0.107894 0.056547
32 0.412130 0.394771 0.110494 0.063859
34 0.405306 0.602353 0.109844 0.063371
14 0.405306 0.664831 0.109844 0.057034
24 0.410831 0.722515 0.107894 0.056059
3 0.606469 0.207582 0.103994 0.054109
34 0.617844 0.263641 0.104644 0.055084
34 0.620768 0.320432 0.102694 0.056547
23 0.616869 0.382016 0.103994 0.057522
34 0.601270 0.594310 0.109194 0.057034
21 0.611994 0.651913 0.105944 0.055572
1 0.608744 0.708947 0.107244 0.055572
34 0.611669 0.764194 0.109194 0.052647
1 0.798425 0.204901 0.109194 0.059472
34 0.784776 0.261122 0.110494 0.055572
34 0.792900 0.316207 0.113743 0.056547
29 0.791275 0.372266 0.111794 0.062396
33 0.802000 0.576273 0.112444 0.053134
34 0.805250 0.629651 0.117643 0.053622
34 0.818249 0.683111 0.113743 0.053622
7 0.817924 0.739657 0.110494 0.056547