14 0.444854 0.049608 0.124366 0.069510
12 0.445646 0.115257 0.119613 0.065352
13 0.444458 0.179420 0.123574 0.066540
9 0.443269 0.244475 0.127535 0.067134
9 0.441289 0.311609 0.123574 0.067134
17 0.448022 0.378743 0.119613 0.063569
9 0.450399 0.442906 0.121198 0.064758
17 0.453963 0.509347 0.121990 0.062975
11 0.458716 0.575887 0.120406 0.066540
17 0.461093 0.642229 0.125158 0.064163
16 0.461885 0.709957 0.123574 0.068916
10 0.468222 0.778874 0.128327 0.065352
15 0.467034 0.845413 0.129119 0.065352
17 0.470598 0.915221 0.121990 0.070699