1 0.545994 0.171603 0.118738 0.055033
6 0.545327 0.229137 0.122740 0.054032
4 0.554666 0.286672 0.114736 0.057034
3 0.555333 0.341205 0.110733 0.052031
6 0.547995 0.394737 0.117404 0.055033
3 0.551998 0.450604 0.106731 0.054032
1 0.556667 0.503636 0.105397 0.048029
7 0.559336 0.556167 0.110733 0.053032
8 0.558001 0.610199 0.116070 0.051031
6 0.546661 0.664732 0.117404 0.054032
0 0.549330 0.715763 0.122740 0.048029
5 0.552665 0.770296 0.105397 0.055033
4 0.557334 0.816823 0.112067 0.048029
4 0.558001 0.873524 0.110733 0.062037