0 0.109580 0.374419 0.071821 0.072877
7 0.173479 0.371251 0.060203 0.072877
1 0.235266 0.370062 0.065484 0.073669
3 0.298109 0.368874 0.062315 0.071293
8 0.359896 0.368478 0.061259 0.075253
7 0.422740 0.369270 0.064428 0.068916
3 0.482414 0.367686 0.061259 0.072085
2 0.541561 0.364121 0.063371 0.074461
5 0.603876 0.361349 0.059147 0.070501
6 0.664079 0.358972 0.061259 0.072085
5 0.725866 0.365309 0.060203 0.072085
8 0.788181 0.368082 0.064428 0.072877
1 0.849440 0.364517 0.058090 0.072085
2 0.913164 0.361745 0.068652 0.076046