2 0.049776 0.491534 0.078645 0.080920
3 0.123547 0.490559 0.071496 0.078970
6 0.193743 0.488366 0.070196 0.079458
3 0.263614 0.479104 0.073446 0.078483
7 0.333485 0.478860 0.067596 0.076046
5 0.399131 0.472035 0.068896 0.077021
5 0.467702 0.469111 0.068246 0.073121
2 0.532590 0.470329 0.062396 0.074583
4 0.598886 0.472523 0.067596 0.076046
6 0.665833 0.468867 0.062396 0.077508
7 0.730504 0.461311 0.066946 0.074096
4 0.797450 0.466673 0.065646 0.076046
1 0.866129 0.463505 0.069546 0.074583
1 0.934050 0.463505 0.075396 0.078483