2 0.026376 0.560276 0.052752 0.127124
6 0.085182 0.553790 0.066156 0.129719
8 0.151987 0.538224 0.067454 0.129719
4 0.216522 0.536494 0.060319 0.126259
1 0.278462 0.525684 0.060968 0.120206
7 0.342997 0.526549 0.065508 0.123665
0 0.405587 0.518334 0.066156 0.121071
3 0.467851 0.514010 0.066156 0.126259
3 0.523630 0.499308 0.066156 0.117611
0 0.588814 0.518334 0.066805 0.127989
3 0.649457 0.512280 0.063562 0.122800
4 0.700372 0.485472 0.073291 0.121071
5 0.762312 0.485472 0.068751 0.121071
6 0.826523 0.479418 0.068751 0.124530