22 0.124169 0.496125 0.065292 0.106657
22 0.182975 0.494684 0.058373 0.108387
20 0.239187 0.484306 0.057509 0.102622
20 0.299145 0.484883 0.061832 0.108387
25 0.357951 0.481424 0.058373 0.107234
24 0.416252 0.485171 0.059671 0.107810
18 0.474193 0.486324 0.059671 0.105504
22 0.532350 0.491513 0.058373 0.105504
19 0.591372 0.480847 0.059671 0.107234
25 0.649097 0.460669 0.059238 0.107234
26 0.708768 0.448562 0.060968 0.108387
24 0.768438 0.445967 0.060103 0.111270
21 0.830991 0.448274 0.060968 0.111270
19 0.888284 0.439914 0.057076 0.109540