7 0.064509 0.443924 0.081245 0.079945
4 0.136005 0.440268 0.069546 0.075558
2 0.204251 0.442462 0.076046 0.077021
5 0.272172 0.441000 0.066296 0.077996
7 0.337818 0.427350 0.070196 0.074096
1 0.403139 0.423694 0.065646 0.075558
6 0.469869 0.429057 0.069546 0.073608
5 0.533890 0.416139 0.068896 0.075071
1 0.596287 0.408339 0.064996 0.073121
6 0.661933 0.412239 0.062396 0.071171
3 0.729746 0.419551 0.068896 0.075071
4 0.792467 0.409070 0.065646 0.072633
3 0.865588 0.412970 0.077996 0.073608
2 0.928959 0.415164 0.077346 0.077021