3 0.069461 0.584364 0.056613 0.105999
3 0.127580 0.582356 0.058420 0.103589
5 0.184795 0.584364 0.053602 0.104393
6 0.242010 0.586773 0.057215 0.105999
7 0.301534 0.578743 0.059022 0.105999
14 0.358448 0.569910 0.053602 0.102786
15 0.413354 0.566965 0.057817 0.101180
24 0.545551 0.570177 0.083715 0.083514
23 0.607886 0.549299 0.065045 0.109211
25 0.668413 0.541670 0.060829 0.110014
16 0.301032 0.373036 0.058420 0.105196
20 0.795319 0.557141 0.089938 0.077255
21 0.870555 0.549646 0.057941 0.101469
22 0.930298 0.545034 0.057509 0.106081