8 0.556615 0.076130 0.078451 0.069409
6 0.558448 0.140162 0.076252 0.068431
0 0.563580 0.208104 0.077718 0.063543
1 0.563947 0.271647 0.075519 0.061588
3 0.566146 0.334702 0.072586 0.060611
1 0.563947 0.397268 0.074052 0.060611
8 0.563213 0.459345 0.072586 0.063543
3 0.563580 0.523377 0.071853 0.060611
4 0.563947 0.583498 0.076985 0.061588
5 0.566146 0.646553 0.075519 0.062566
2 0.566879 0.709118 0.074052 0.062566
8 0.566146 0.772499 0.074052 0.061588
1 0.568712 0.836531 0.076252 0.060611
5 0.568346 0.904473 0.075519 0.065498