18 0.084966 0.536098 0.060968 0.115882
20 0.144636 0.530621 0.055779 0.115305
19 0.207117 0.535521 0.059671 0.112423
23 0.267653 0.528603 0.062265 0.115882
21 0.329701 0.522549 0.062697 0.114152
25 0.393191 0.521108 0.063130 0.111270
23 0.452213 0.512460 0.062697 0.108964
23 0.514046 0.506407 0.063562 0.112999
20 0.574869 0.502083 0.060968 0.108964
24 0.635621 0.502947 0.066589 0.109540
24 0.700048 0.497470 0.067454 0.113576
19 0.761808 0.491417 0.065292 0.114152
22 0.823424 0.488246 0.063994 0.114729
21 0.885905 0.485652 0.067886 0.111846