12 0.468244 0.112931 0.111794 0.065321
10 0.457195 0.174840 0.111794 0.060447
12 0.467594 0.236749 0.113093 0.059472
14 0.467919 0.296952 0.111144 0.058009
9 0.469544 0.356829 0.111794 0.058497
9 0.471169 0.416626 0.113743 0.058497
10 0.482543 0.477073 0.111794 0.058497
9 0.485468 0.536544 0.112444 0.056547
14 0.488068 0.593497 0.112444 0.057034
17 0.490993 0.654187 0.115693 0.058497
14 0.489043 0.714634 0.113093 0.062396
10 0.492293 0.776137 0.113093 0.059959
10 0.494242 0.834633 0.114393 0.057034
13 0.496517 0.894755 0.111144 0.063859