5 0.623297 0.150671 0.108387 0.055723
7 0.625046 0.206722 0.101394 0.049823
4 0.636846 0.257200 0.104016 0.051134
3 0.631601 0.310957 0.105765 0.052445
0 0.632038 0.363402 0.111883 0.051134
2 0.628542 0.416503 0.106639 0.049823
7 0.636409 0.467965 0.106639 0.050479
2 0.638594 0.519754 0.107513 0.050479
3 0.638157 0.570342 0.113631 0.049823
6 0.634660 0.620493 0.103142 0.050479
0 0.631164 0.674249 0.110135 0.053101
4 0.630290 0.726039 0.108387 0.049167
7 0.632912 0.776408 0.106639 0.045890
2 0.622423 0.828526 0.110135 0.058345