10 0.105240 0.335706 0.076046 0.074096
13 0.171211 0.338143 0.074096 0.075071
10 0.234907 0.331806 0.071496 0.074096
9 0.301853 0.330587 0.064996 0.070683
12 0.365225 0.336437 0.064346 0.071658
9 0.429246 0.336193 0.062396 0.073121
12 0.492943 0.337168 0.063696 0.073121
16 0.555989 0.334731 0.063696 0.072146
15 0.619360 0.335462 0.063046 0.071658
17 0.683382 0.333025 0.066296 0.070683
9 0.746753 0.327175 0.072146 0.071658
15 0.808066 0.324738 0.072146 0.071658
11 0.871437 0.326687 0.072796 0.073608
12 0.935892 0.326687 0.077346 0.073608