19 0.040460 0.390059 0.078645 0.075558
24 0.108706 0.390303 0.070846 0.073121
23 0.175327 0.395665 0.072796 0.073121
25 0.239674 0.390790 0.070196 0.071171
22 0.304995 0.397858 0.072146 0.073608
23 0.374216 0.390790 0.064996 0.073121
26 0.436612 0.391521 0.063696 0.072633
18 0.502259 0.392984 0.066296 0.074583
24 0.565305 0.391034 0.066296 0.074583
21 0.630735 0.396152 0.064996 0.074096
21 0.698006 0.393715 0.066946 0.074096
18 0.765818 0.388840 0.070846 0.075071
23 0.828865 0.390303 0.069546 0.076046
20 0.898086 0.388840 0.075396 0.076046