27 0.078050 0.416301 0.077996 0.074096
32 0.146946 0.413132 0.071496 0.073608
28 0.212917 0.415570 0.070846 0.074583
31 0.281488 0.413376 0.068896 0.077996
32 0.347026 0.411426 0.065646 0.076046
28 0.413972 0.406795 0.065646 0.073608
29 0.481351 0.410451 0.066946 0.074096
33 0.545048 0.409964 0.065646 0.075071
27 0.612319 0.407283 0.068896 0.074583
33 0.679265 0.402896 0.067596 0.075558
30 0.745561 0.393877 0.068896 0.075071
29 0.815432 0.395340 0.072146 0.075071
27 0.884003 0.397046 0.074096 0.078483
32 0.949325 0.401189 0.076046 0.077021