12 0.068950 0.307514 0.083195 0.077508
17 0.136546 0.307270 0.076696 0.077021
9 0.205442 0.305076 0.074096 0.078483
11 0.272280 0.307270 0.076046 0.078970
15 0.340201 0.305076 0.071496 0.076533
17 0.405848 0.302883 0.067596 0.076046
9 0.473769 0.303858 0.069546 0.078970
10 0.538873 0.301420 0.067596 0.077021
9 0.606144 0.302151 0.068246 0.075558
15 0.670491 0.300201 0.069546 0.077508
13 0.738412 0.299958 0.070196 0.077021
12 0.804600 0.299714 0.069546 0.080433
12 0.872846 0.301420 0.073446 0.080920
10 0.941417 0.304589 0.077996 0.079458