1 0.088931 0.450570 0.065906 0.076046
6 0.154837 0.452471 0.070976 0.072243
6 0.214406 0.447719 0.058302 0.074144
8 0.273975 0.450570 0.055767 0.072243
3 0.334812 0.448669 0.065906 0.068441
1 0.395648 0.445817 0.065906 0.070342
7 0.452683 0.442966 0.063371 0.068441
4 0.514787 0.442015 0.070976 0.074144
3 0.575623 0.441065 0.070976 0.068441
4 0.638994 0.441065 0.070976 0.076046
5 0.699831 0.442015 0.070976 0.070342
4 0.760667 0.439163 0.065906 0.072243
0 0.825306 0.441065 0.073511 0.068441
6 0.897550 0.436312 0.076046 0.081749