30 0.087272 0.586256 0.078264 0.129719
9 0.160130 0.583661 0.073507 0.130295
6 0.234863 0.570978 0.068751 0.123377
17 0.302749 0.591733 0.070480 0.129142
29 0.375823 0.572995 0.070480 0.126259
11 0.447385 0.567518 0.068318 0.121071
16 0.517000 0.565789 0.074372 0.124530
4 0.588562 0.566365 0.074804 0.126836
18 0.660339 0.566077 0.079128 0.126259
15 0.729739 0.562330 0.077831 0.124530
16 0.799859 0.551952 0.078264 0.126836
22 0.870339 0.544457 0.080858 0.126836
6 0.937000 0.518514 0.084749 0.122224
12 0.416396 0.257234 0.081290 0.136987