28 0.068711 0.415258 0.075342 0.077102
27 0.139828 0.409713 0.073933 0.076574
30 0.206368 0.406545 0.074637 0.079742
28 0.276076 0.394927 0.071821 0.076574
32 0.343320 0.396775 0.069708 0.078158
32 0.408452 0.394927 0.064780 0.077630
28 0.474992 0.400472 0.065484 0.079214
30 0.542236 0.405225 0.063371 0.078158
29 0.611006 0.404697 0.069474 0.079214
28 0.678015 0.408129 0.064075 0.077630
31 0.746667 0.404168 0.069004 0.078158
32 0.814381 0.406017 0.066892 0.076574
29 0.881977 0.406545 0.071117 0.077630
30 0.950277 0.408921 0.071117 0.080270