5 0.068734 0.190195 0.062396 0.063859
34 0.123980 0.188977 0.055897 0.063371
34 0.177602 0.191658 0.056547 0.063859
1 0.231549 0.192389 0.056547 0.064346
2 0.061584 0.299389 0.063696 0.061909
34 0.115856 0.298170 0.052647 0.065321
34 0.173378 0.306457 0.061096 0.064346
18 0.227974 0.302314 0.061096 0.061909
34 0.054434 0.421988 0.062396 0.063371
22 0.111306 0.419551 0.059147 0.062396
8 0.169803 0.420038 0.063046 0.061421
34 0.231874 0.416870 0.071496 0.063859
34 0.053784 0.522732 0.063696 0.065321
3 0.112606 0.518833 0.059147 0.061421
26 0.168503 0.515908 0.055247 0.059472
34 0.231224 0.518345 0.067596 0.061421
34 0.415380 0.495190 0.057197 0.061909
21 0.473227 0.493728 0.055897 0.060934
3 0.531074 0.492509 0.054597 0.059472
34 0.588270 0.491778 0.058497 0.062884
6 0.420255 0.379903 0.053947 0.062396
34 0.480052 0.380878 0.055247 0.064346
34 0.535298 0.376491 0.053947 0.063371
33 0.592495 0.380878 0.055247 0.061421
25 0.423830 0.272659 0.059797 0.065321
34 0.482001 0.271441 0.053947 0.068734
34 0.533998 0.265591 0.056547 0.067759
13 0.588595 0.265104 0.057847 0.064834
34 0.421230 0.162653 0.061096 0.067271
32 0.472577 0.151929 0.057197 0.063371
7 0.527174 0.157047 0.057197 0.061909
34 0.582746 0.157047 0.053947 0.066784
34 0.752711 0.148841 0.062396 0.066296
21 0.811533 0.148354 0.057847 0.065321
8 0.865479 0.142261 0.056547 0.063859
34 0.919101 0.144454 0.055897 0.067271
17 0.761160 0.267785 0.059797 0.066296
34 0.818574 0.265104 0.053297 0.070683
34 0.875121 0.262179 0.057197 0.066784
28 0.931992 0.261447 0.053947 0.065321
34 0.767227 0.385428 0.066296 0.066296
1 0.829623 0.378360 0.059797 0.063859
28 0.887470 0.378603 0.058497 0.064346
34 0.939792 0.390790 0.068246 0.065321
23 0.777626 0.496571 0.070196 0.062396
34 0.841647 0.494134 0.059147 0.062396
34 0.900794 0.500715 0.061746 0.063859
1 0.961566 0.499984 0.066296 0.061421