33 0.434446 0.085795 0.122193 0.066296
31 0.435421 0.151116 0.122843 0.062396
27 0.436071 0.214731 0.121543 0.062884
33 0.426971 0.280053 0.122843 0.060934
27 0.427621 0.345536 0.117643 0.061909
29 0.439646 0.411589 0.119593 0.063371
33 0.449070 0.475935 0.124143 0.059472
32 0.453295 0.540525 0.120893 0.063859
33 0.450695 0.607796 0.118293 0.066784
30 0.484818 0.667512 0.120243 0.068246
31 0.480268 0.735514 0.122843 0.066784
27 0.492293 0.797423 0.122193 0.067759
29 0.488393 0.863557 0.124793 0.063859
31 0.491643 0.927903 0.119593 0.068734