3 0.057096 0.463543 0.070827 0.077164
6 0.129414 0.457951 0.072318 0.072691
1 0.199495 0.452080 0.075300 0.075486
3 0.270695 0.449005 0.068590 0.077164
7 0.340404 0.446675 0.073809 0.076605
4 0.407875 0.446954 0.068590 0.076046
8 0.475596 0.446209 0.072318 0.076046
0 0.540831 0.443134 0.070081 0.073250
0 0.608303 0.445277 0.069336 0.074927
6 0.676148 0.443320 0.073809 0.075486
2 0.741880 0.431018 0.071572 0.075486
4 0.812334 0.429061 0.066354 0.073809
0 0.877942 0.422072 0.061880 0.074368
8 0.947278 0.422351 0.073809 0.073809