25 0.075017 0.338468 0.081895 0.076046
21 0.146512 0.335056 0.074096 0.075071
21 0.212809 0.326281 0.071496 0.073121
26 0.280080 0.327987 0.070846 0.074583
25 0.345401 0.317994 0.066296 0.073121
25 0.411589 0.317263 0.065646 0.071658
25 0.476260 0.317750 0.066296 0.073608
19 0.545264 0.321650 0.066946 0.075558
23 0.611561 0.321163 0.068246 0.076533
22 0.676882 0.318725 0.062396 0.073608
19 0.744045 0.320432 0.068896 0.077996
24 0.813049 0.321163 0.064346 0.076533
20 0.881945 0.327744 0.076046 0.079945
26 0.948675 0.321407 0.081245 0.076046