22 0.089597 0.545903 0.060299 0.116511
22 0.154241 0.544540 0.059788 0.117874
25 0.217095 0.541474 0.056722 0.114467
21 0.279694 0.540793 0.064388 0.113104
19 0.343315 0.534320 0.061832 0.115148
26 0.406681 0.536364 0.062855 0.112423
25 0.468513 0.533298 0.057744 0.114467
22 0.531879 0.537727 0.064899 0.115148
18 0.596011 0.532617 0.065410 0.113104
24 0.659121 0.537727 0.063877 0.115148
20 0.722657 0.529551 0.062855 0.111060
20 0.786789 0.523078 0.067454 0.113104
24 0.850239 0.524100 0.070009 0.117874
19 0.913860 0.528529 0.069498 0.113104