27 0.580300 0.053962 0.075389 0.075590
32 0.571698 0.128013 0.073075 0.069183
31 0.571050 0.196908 0.070048 0.065148
30 0.571915 0.264650 0.070913 0.066877
32 0.570617 0.332680 0.071778 0.063418
31 0.574941 0.399173 0.067454 0.065724
29 0.569320 0.464897 0.067454 0.065724
27 0.572131 0.532062 0.068751 0.063994
29 0.572347 0.598074 0.067454 0.066877
29 0.571266 0.664087 0.069616 0.067454
28 0.579049 0.732405 0.068751 0.069183
29 0.579265 0.800147 0.070913 0.067454
28 0.575374 0.865967 0.069183 0.069183
33 0.579481 0.932844 0.069616 0.071489