10 0.109249 0.453106 0.070174 0.121852
14 0.168815 0.457458 0.069630 0.121852
14 0.230467 0.446215 0.063102 0.118225
10 0.289488 0.446215 0.064734 0.124028
9 0.351502 0.445127 0.059294 0.123302
17 0.410524 0.441501 0.059838 0.118950
12 0.467370 0.436786 0.059294 0.118225
12 0.525304 0.440050 0.060926 0.121852
14 0.584598 0.433885 0.062014 0.118225
10 0.644527 0.431347 0.065822 0.118950
9 0.703549 0.432797 0.066366 0.124753
10 0.764384 0.430500 0.072349 0.122577
13 0.822408 0.425786 0.071261 0.123302
9 0.883062 0.425061 0.075069 0.124753