12 0.050033 0.406844 0.085461 0.077132
15 0.119561 0.403042 0.076770 0.076046
10 0.188726 0.404671 0.074597 0.079305
13 0.259340 0.398425 0.073873 0.076589
10 0.329471 0.395980 0.067355 0.079305
9 0.399722 0.394894 0.068803 0.077132
17 0.466715 0.395166 0.069527 0.076589
17 0.536242 0.395980 0.069527 0.078218
10 0.604804 0.390820 0.068079 0.078762
14 0.673607 0.389734 0.073873 0.080934
16 0.744221 0.385932 0.078943 0.077675
9 0.815197 0.386475 0.076046 0.079848
15 0.885449 0.390549 0.083288 0.081477
14 0.954976 0.392178 0.087634 0.080391