14 0.060717 0.450018 0.076696 0.079458
12 0.131563 0.448555 0.077996 0.078483
15 0.200134 0.447337 0.069546 0.075071
13 0.268380 0.453918 0.070846 0.078483
9 0.340526 0.450587 0.068246 0.077021
16 0.408664 0.453024 0.067596 0.075071
15 0.475610 0.453268 0.064996 0.077508
17 0.544290 0.448393 0.068896 0.074583
10 0.610261 0.445712 0.066946 0.078970
10 0.682298 0.458874 0.070196 0.077996
10 0.750328 0.448149 0.077996 0.079945
9 0.820740 0.450587 0.076696 0.078970
17 0.887253 0.448637 0.075396 0.080920
14 0.960201 0.452536 0.079598 0.078970