10 0.503667 0.104563 0.117643 0.061909
13 0.501392 0.163303 0.119593 0.059472
10 0.517316 0.222937 0.116343 0.061421
9 0.519266 0.281921 0.113743 0.057522
12 0.507892 0.340418 0.120893 0.057522
9 0.514716 0.400133 0.113743 0.058984
12 0.514066 0.458630 0.118943 0.056059
17 0.522516 0.516964 0.120243 0.056059
15 0.524141 0.575948 0.116993 0.058984
17 0.528690 0.634689 0.120893 0.062396
9 0.543640 0.693591 0.120893 0.064834
15 0.553389 0.750869 0.123493 0.063371
11 0.552414 0.809691 0.121543 0.067271
12 0.554039 0.867700 0.124793 0.072146