25 0.449750 0.090025 0.115560 0.059271
20 0.456833 0.152650 0.114814 0.060389
26 0.456833 0.214158 0.117796 0.061507
18 0.446395 0.278834 0.123761 0.062999
18 0.451987 0.341646 0.117051 0.059271
20 0.460561 0.403433 0.117796 0.059830
22 0.452360 0.465127 0.119287 0.059830
21 0.454596 0.528033 0.119287 0.061507
24 0.466525 0.588701 0.116305 0.060948
18 0.470253 0.651420 0.119287 0.063744
21 0.475099 0.713487 0.123015 0.061507
23 0.482181 0.774435 0.119287 0.065981
23 0.491128 0.834172 0.119287 0.058712
26 0.492246 0.896518 0.117051 0.067099