7 0.149168 0.433764 0.058085 0.117419
8 0.209439 0.431266 0.059959 0.117419
5 0.269086 0.428351 0.059334 0.121583
5 0.328108 0.428768 0.058710 0.122416
2 0.386401 0.424465 0.058710 0.114921
5 0.445423 0.426131 0.058085 0.118252
6 0.503820 0.419469 0.059959 0.114921
1 0.564091 0.419052 0.056836 0.117419
1 0.620303 0.417387 0.058085 0.117419
3 0.679116 0.412390 0.058710 0.115754
2 0.736161 0.410308 0.056211 0.116587
4 0.795495 0.408226 0.057460 0.112423
3 0.854204 0.413639 0.054962 0.118252
2 0.913539 0.410308 0.063706 0.113255