7 0.078356 0.452511 0.067332 0.072481
8 0.143708 0.451323 0.061787 0.074857
5 0.205495 0.450729 0.063371 0.071293
5 0.270847 0.450729 0.062579 0.073669
2 0.336990 0.450135 0.058619 0.072481
5 0.401154 0.450135 0.066540 0.074857
6 0.466902 0.446867 0.064956 0.071887
1 0.531461 0.446570 0.060995 0.071293
1 0.594833 0.443897 0.065748 0.070699
3 0.658996 0.442708 0.062579 0.073075
2 0.724744 0.441817 0.068916 0.070105
4 0.793264 0.443005 0.064956 0.074857
3 0.860992 0.445382 0.068916 0.072481
2 0.931097 0.446273 0.071293 0.076640