12 0.089290 0.507464 0.076534 0.127412
17 0.154365 0.505158 0.070913 0.129719
17 0.217495 0.500834 0.062265 0.125683
16 0.281849 0.512364 0.066156 0.122224
11 0.348655 0.507464 0.063994 0.122800
11 0.412072 0.513517 0.063130 0.122224
13 0.475779 0.501122 0.065724 0.123953
11 0.540422 0.514670 0.063562 0.122224
17 0.605353 0.516112 0.068318 0.121647
13 0.670140 0.498816 0.067886 0.122800
15 0.734135 0.484403 0.068751 0.122800
9 0.798634 0.485748 0.070048 0.125106
13 0.863277 0.494972 0.071345 0.123953
16 0.930082 0.496702 0.072642 0.125106