25 0.067867 0.449043 0.080595 0.079458
20 0.135788 0.444412 0.072146 0.076046
26 0.201434 0.445874 0.064346 0.076046
18 0.268814 0.453430 0.074746 0.074583
18 0.337060 0.453918 0.068246 0.075558
20 0.405306 0.449530 0.068246 0.076533
22 0.470302 0.455299 0.069546 0.076046
21 0.536923 0.453593 0.063696 0.073608
24 0.602786 0.451887 0.070196 0.075071
18 0.669082 0.448474 0.064996 0.076046
21 0.737762 0.445793 0.070196 0.077508
23 0.805900 0.443112 0.069546 0.078970
23 0.873279 0.440187 0.072146 0.078970
26 0.940550 0.442381 0.071496 0.076533