12 0.063101 0.407527 0.075396 0.076046
9 0.131672 0.405089 0.077346 0.072146
9 0.200243 0.401677 0.071496 0.074096
17 0.266755 0.402896 0.067596 0.076533
17 0.334352 0.404114 0.067596 0.073121
11 0.399348 0.399077 0.062396 0.075071
10 0.463694 0.392984 0.066296 0.072633
10 0.530640 0.392009 0.068896 0.073608
15 0.593037 0.385103 0.063696 0.074096
13 0.657491 0.384859 0.068246 0.074583
9 0.724438 0.381691 0.066946 0.075071
12 0.792250 0.385103 0.073446 0.074096
12 0.860280 0.381203 0.074746 0.074096
15 0.924301 0.381203 0.075396 0.076046