14 0.447120 0.116587 0.117643 0.058984
12 0.451345 0.177521 0.116993 0.058009
13 0.454047 0.236872 0.113726 0.057548
10 0.474600 0.299558 0.113726 0.054465
15 0.469804 0.360789 0.117836 0.059090
17 0.476655 0.422190 0.115096 0.058576
9 0.476998 0.483849 0.118522 0.056520
9 0.481451 0.542596 0.115096 0.059603
17 0.474258 0.604597 0.115781 0.061659
16 0.472202 0.666684 0.121262 0.061145
9 0.478026 0.728599 0.117836 0.059603
17 0.479053 0.792913 0.121262 0.063200
17 0.486589 0.852088 0.121262 0.061659
11 0.490700 0.915545 0.114411 0.066283