7 0.071921 0.385207 0.068803 0.080572
3 0.139518 0.382944 0.068803 0.077856
2 0.205303 0.380681 0.072424 0.076951
3 0.272296 0.382039 0.073631 0.079667
0 0.339288 0.379323 0.060354 0.074235
5 0.405677 0.379775 0.070010 0.076951
2 0.472066 0.379323 0.062768 0.077856
7 0.536041 0.381133 0.065182 0.081477
1 0.600418 0.379775 0.060354 0.073330
8 0.666807 0.375249 0.070010 0.076951
8 0.735007 0.377965 0.061561 0.076951
5 0.799586 0.376154 0.057940 0.080572
6 0.866578 0.376607 0.066389 0.077856
1 0.933571 0.372986 0.065182 0.083288