29 0.523847 0.054986 0.069616 0.066877
32 0.523414 0.122440 0.068751 0.064571
30 0.520171 0.191335 0.070048 0.067454
29 0.520171 0.260710 0.069183 0.065148
28 0.520604 0.328740 0.068318 0.063994
27 0.521468 0.396194 0.068318 0.065148
30 0.519090 0.463936 0.069616 0.066877
28 0.512604 0.529660 0.067021 0.069183
33 0.515631 0.595768 0.068751 0.068030
31 0.513685 0.664855 0.070048 0.070913
33 0.513253 0.731444 0.070913 0.068030
30 0.517793 0.799186 0.070480 0.069760
31 0.521901 0.868465 0.075237 0.073795
31 0.519739 0.938225 0.074372 0.073795