0 0.057214 0.373253 0.079602 0.076048
4 0.129066 0.374313 0.062526 0.078580
4 0.195395 0.380967 0.066751 0.076679
2 0.262569 0.369877 0.065906 0.076046
7 0.331573 0.371779 0.067596 0.076046
1 0.397902 0.368927 0.065061 0.075412
2 0.462118 0.361006 0.063371 0.073511
1 0.527461 0.370828 0.063371 0.076679
3 0.591677 0.369877 0.063371 0.074778
8 0.658851 0.379383 0.064216 0.076046
0 0.726025 0.379700 0.066751 0.077947
5 0.793339 0.380334 0.065061 0.077947
7 0.859668 0.373046 0.062526 0.073511
7 0.926841 0.374630 0.068441 0.079214