27 0.077508 0.563680 0.064346 0.070196
28 0.143154 0.562461 0.061746 0.066784
30 0.209450 0.564899 0.063046 0.068734
31 0.275747 0.565874 0.064346 0.070683
28 0.343451 0.564899 0.064996 0.068734
32 0.410072 0.561243 0.064346 0.068246
32 0.477560 0.563193 0.067596 0.068246
27 0.543315 0.559537 0.064346 0.066784
27 0.608636 0.565874 0.067596 0.067759
29 0.676449 0.566767 0.066296 0.068246
29 0.745345 0.570423 0.068896 0.069708
27 0.813591 0.564330 0.067596 0.069221
31 0.881512 0.577736 0.069546 0.069708
28 0.950083 0.577736 0.070196 0.068734