25 0.378766 0.125849 0.113093 0.059959
21 0.380066 0.185321 0.118293 0.060934
21 0.390790 0.246498 0.116343 0.059472
25 0.394690 0.305645 0.117643 0.057522
19 0.397290 0.366091 0.115043 0.060447
26 0.401839 0.426051 0.116343 0.060447
23 0.411589 0.485116 0.116343 0.057034
22 0.420363 0.545481 0.118293 0.059472
20 0.420363 0.604303 0.115693 0.059472
25 0.431738 0.662312 0.117643 0.062396
25 0.433363 0.725440 0.113093 0.062884
26 0.444087 0.782393 0.116343 0.062396
19 0.453186 0.839914 0.115043 0.063371
24 0.453511 0.901823 0.111794 0.067271