2 0.560132 0.078897 0.132657 0.072877
4 0.561822 0.146388 0.127588 0.062104
8 0.566047 0.207541 0.125898 0.057668
0 0.574919 0.268378 0.128433 0.061470
3 0.573652 0.329425 0.122518 0.057668
6 0.569004 0.389945 0.128433 0.058302
1 0.583369 0.447930 0.125053 0.056401
6 0.587593 0.508450 0.121673 0.054499
4 0.589706 0.565484 0.125898 0.054499
7 0.593508 0.626637 0.125053 0.052598
0 0.604492 0.685572 0.123363 0.061470
3 0.603084 0.739438 0.118293 0.046261
0 0.598437 0.796789 0.115758 0.063371
8 0.599282 0.862379 0.117448 0.066540