25 0.065141 0.361559 0.079471 0.073990
21 0.131595 0.362587 0.075361 0.072963
21 0.201475 0.361302 0.073990 0.075532
25 0.267930 0.359247 0.072620 0.072449
19 0.334041 0.360018 0.070565 0.071935
26 0.399468 0.360532 0.068510 0.072963
23 0.464324 0.355137 0.065769 0.075532
22 0.530321 0.354623 0.068510 0.073477
20 0.594720 0.355393 0.067139 0.072963
25 0.662545 0.353081 0.068510 0.072449
25 0.728314 0.355393 0.071250 0.072963
26 0.794426 0.349228 0.073305 0.075018
19 0.860537 0.348457 0.072620 0.076559
24 0.928704 0.350512 0.081526 0.074504