26 0.467198 0.083650 0.121673 0.071700
18 0.467922 0.153449 0.123121 0.065725
18 0.480234 0.218088 0.120225 0.062466
23 0.484942 0.282727 0.116603 0.063552
24 0.491460 0.348633 0.115155 0.064639
24 0.487839 0.411914 0.115155 0.061923
18 0.491822 0.477458 0.114431 0.061923
19 0.488925 0.541735 0.121673 0.063009
25 0.489649 0.603476 0.120225 0.058664
20 0.494719 0.666395 0.117328 0.062466
21 0.499065 0.731305 0.115879 0.064096
22 0.507393 0.793228 0.116603 0.059750
23 0.511377 0.853341 0.117328 0.059750
23 0.512825 0.917165 0.111534 0.064639