0 0.082166 0.470817 0.080595 0.077508
2 0.153662 0.464480 0.070196 0.075558
7 0.222883 0.468623 0.069546 0.077996
7 0.289504 0.464236 0.061096 0.073121
0 0.355475 0.474960 0.066946 0.075071
4 0.421772 0.471060 0.068246 0.077021
4 0.488718 0.470329 0.064346 0.075558
3 0.553064 0.467404 0.064346 0.073608
8 0.620010 0.470573 0.064346 0.076046
1 0.687931 0.467404 0.070196 0.074583
7 0.754552 0.468136 0.061746 0.075071
5 0.820524 0.463748 0.067596 0.077996
2 0.892020 0.470329 0.070196 0.077508
1 0.963515 0.472523 0.071496 0.077996