9 0.081146 0.610374 0.058806 0.115305
9 0.145357 0.610662 0.058373 0.110117
9 0.207838 0.607203 0.062265 0.117035
10 0.269238 0.598555 0.058806 0.114729
11 0.330350 0.600284 0.061400 0.113576
12 0.393263 0.597978 0.062697 0.114729
13 0.454663 0.594519 0.063562 0.115882
14 0.515415 0.587313 0.066589 0.115305
15 0.576094 0.578088 0.066877 0.116458
16 0.638071 0.579049 0.068318 0.117611
17 0.700552 0.577319 0.071345 0.117611
17 0.761448 0.572419 0.073507 0.115882
17 0.825658 0.555411 0.068751 0.115305
17 0.888788 0.560312 0.070480 0.115882