28 0.085416 0.529476 0.071496 0.072633
31 0.154312 0.530451 0.071496 0.074583
32 0.219633 0.519483 0.064346 0.071171
27 0.285279 0.522651 0.066946 0.070683
30 0.350492 0.520458 0.068246 0.071171
32 0.417114 0.517289 0.064996 0.073608
28 0.482543 0.516558 0.063696 0.073121
33 0.548731 0.520214 0.064346 0.072633
27 0.613836 0.512902 0.064996 0.073608
33 0.683273 0.510952 0.066946 0.072633
30 0.749353 0.510221 0.069546 0.076046
33 0.818140 0.515339 0.071496 0.073608
31 0.887795 0.518264 0.072146 0.076533
30 0.958966 0.513633 0.071496 0.076046