8 0.501279 0.083967 0.142938 0.085551
7 0.500575 0.157900 0.144346 0.066540
3 0.506560 0.223648 0.142233 0.069180
0 0.509729 0.291772 0.138713 0.068124
5 0.511489 0.357520 0.138009 0.064428
0 0.512545 0.423004 0.137305 0.064428
8 0.512545 0.488488 0.134488 0.059147
3 0.518882 0.550451 0.133080 0.060203
1 0.525219 0.614702 0.138713 0.059147
2 0.526276 0.678250 0.130967 0.061259
2 0.530148 0.741973 0.131672 0.062315
0 0.512897 0.806048 0.135192 0.061259
6 0.515714 0.871620 0.133784 0.069180
4 0.519586 0.937104 0.133080 0.077630