31 0.080514 0.549246 0.065470 0.123665
31 0.149704 0.550568 0.066958 0.123665
30 0.214926 0.544286 0.062494 0.119036
33 0.279403 0.535689 0.062494 0.119036
31 0.344873 0.537011 0.064478 0.117713
33 0.410839 0.537562 0.063486 0.121020
28 0.475317 0.533925 0.063486 0.115068
30 0.539464 0.541530 0.065470 0.114407
27 0.604437 0.543514 0.064478 0.114407
28 0.667262 0.540538 0.066462 0.120358
29 0.732401 0.538224 0.066462 0.118374
30 0.796052 0.538885 0.064808 0.119697
32 0.860612 0.539216 0.067950 0.116391
29 0.924015 0.538554 0.067454 0.117713