8 0.048693 0.417926 0.076046 0.076046
7 0.124414 0.418901 0.071496 0.076046
2 0.191360 0.414026 0.064996 0.074096
0 0.257331 0.414026 0.069546 0.073121
5 0.325902 0.413295 0.068896 0.073608
0 0.390898 0.414270 0.066296 0.076533
8 0.456436 0.415489 0.064346 0.077021
3 0.524682 0.413051 0.068246 0.076046
1 0.587729 0.406714 0.064346 0.075071
2 0.653700 0.407445 0.067596 0.073608
2 0.720646 0.405252 0.063696 0.076046
0 0.789542 0.417439 0.071496 0.074096
6 0.860713 0.414270 0.069546 0.076533
4 0.931234 0.413782 0.071496 0.077508