28 0.098586 0.462591 0.070913 0.114152
29 0.159770 0.453366 0.066156 0.118765
27 0.221530 0.445775 0.065724 0.119341
30 0.285525 0.440298 0.067454 0.118765
27 0.348510 0.439722 0.066589 0.115305
31 0.410127 0.436551 0.066156 0.115882
27 0.472536 0.430786 0.063562 0.115882
31 0.534224 0.431362 0.064427 0.118188
28 0.597065 0.429633 0.064427 0.115882
27 0.658754 0.426462 0.064427 0.115305
32 0.720082 0.418390 0.062265 0.116458
32 0.781482 0.413778 0.061400 0.117611
28 0.842089 0.412625 0.060103 0.116458
29 0.905219 0.404842 0.061832 0.115882