5 0.588026 0.050244 0.120949 0.074416
4 0.578249 0.120587 0.121673 0.063009
17 0.584405 0.186312 0.126743 0.067355
21 0.589112 0.253123 0.128915 0.065182
28 0.590199 0.322108 0.122397 0.068441
26 0.601424 0.389643 0.123121 0.067355
24 0.595630 0.458084 0.124570 0.065182
11 0.593096 0.526344 0.125294 0.066268
27 0.599614 0.594695 0.123846 0.066812
31 0.603959 0.661235 0.129640 0.065182
26 0.615909 0.727865 0.124570 0.065182
29 0.622427 0.794677 0.126018 0.066268
26 0.620255 0.862303 0.124570 0.065725
14 0.296979 0.454974 0.124143 0.070196