0 0.544506 0.087989 0.129993 0.075558
4 0.547431 0.153066 0.133242 0.054597
4 0.538007 0.214406 0.124793 0.067759
2 0.554581 0.279971 0.131942 0.061421
7 0.554906 0.341962 0.128693 0.059959
1 0.562705 0.403627 0.122193 0.058497
2 0.575379 0.462855 0.126743 0.057034
1 0.563355 0.521839 0.128693 0.057034
3 0.566605 0.582773 0.127393 0.060934
8 0.550031 0.644438 0.126743 0.059472
0 0.551006 0.705859 0.127393 0.060447
5 0.551331 0.766793 0.128043 0.059472
7 0.564005 0.826021 0.124793 0.058984
7 0.566605 0.890368 0.124793 0.068734