13 0.065809 0.393227 0.079945 0.074096
10 0.134055 0.392984 0.074746 0.073608
10 0.201651 0.389328 0.072146 0.076046
9 0.267297 0.389328 0.070846 0.072146
14 0.331968 0.396396 0.071496 0.077508
10 0.401298 0.395665 0.062396 0.075071
12 0.466944 0.390790 0.064996 0.075071
9 0.533890 0.394934 0.066296 0.074583
10 0.600836 0.391521 0.067596 0.074583
17 0.667782 0.389328 0.071496 0.076046
12 0.733429 0.386890 0.070196 0.077021
14 0.803950 0.386403 0.074746 0.077996
9 0.871871 0.382909 0.079295 0.074583
14 0.939792 0.380472 0.081245 0.079458