28 0.042526 0.538323 0.077380 0.074044
29 0.114569 0.538323 0.072043 0.076046
31 0.180275 0.537322 0.070042 0.076046
30 0.252318 0.541075 0.067374 0.074545
29 0.322027 0.534070 0.069375 0.074545
27 0.391402 0.519312 0.065373 0.075045
28 0.458108 0.520562 0.065373 0.076546
30 0.525148 0.532069 0.068708 0.077547
32 0.592189 0.530318 0.065373 0.076046
28 0.661119 0.519061 0.069375 0.076546
28 0.728937 0.520312 0.069375 0.074044
30 0.798312 0.520562 0.070709 0.077547
32 0.867020 0.518561 0.069375 0.078547
32 0.934616 0.514809 0.072043 0.077046