12 0.099451 0.508713 0.062265 0.118765
9 0.161283 0.507271 0.058806 0.114729
9 0.220089 0.496606 0.062265 0.112999
17 0.282354 0.499200 0.062265 0.115882
17 0.345051 0.500065 0.061400 0.112999
11 0.402560 0.491417 0.063994 0.116458
10 0.462446 0.479598 0.063562 0.115882
10 0.522982 0.475274 0.060968 0.116458
15 0.581067 0.463167 0.066156 0.116458
13 0.642899 0.464320 0.064427 0.119918
9 0.704516 0.455961 0.064859 0.117035
12 0.764907 0.462879 0.064859 0.119341
12 0.826739 0.459708 0.063130 0.117611
15 0.890085 0.454808 0.065292 0.119341