23 0.070279 0.482136 0.066454 0.072963
20 0.137076 0.483678 0.067139 0.071935
21 0.205243 0.480852 0.069195 0.070394
20 0.267930 0.475456 0.065769 0.071935
18 0.334612 0.474943 0.068510 0.068852
26 0.397298 0.474172 0.063714 0.071421
18 0.459414 0.469034 0.065084 0.070394
21 0.522785 0.473658 0.060288 0.071421
24 0.586042 0.470318 0.065769 0.069880
22 0.651126 0.473401 0.061659 0.069880
25 0.713584 0.475200 0.062344 0.072449
18 0.779582 0.472117 0.062344 0.074504
26 0.842725 0.477255 0.064399 0.069366
23 0.911120 0.476741 0.066454 0.071421