20 0.110776 0.420674 0.072318 0.071572
18 0.173774 0.423749 0.065608 0.068777
21 0.235654 0.426266 0.067099 0.068217
25 0.299026 0.427943 0.062626 0.072691
19 0.362024 0.432416 0.064862 0.071572
20 0.425272 0.431578 0.061135 0.068777
26 0.486033 0.431857 0.061880 0.068217
26 0.547168 0.429341 0.060389 0.068777
22 0.608800 0.421513 0.061880 0.067658
20 0.670307 0.425147 0.059644 0.070454
25 0.733555 0.426266 0.063371 0.070454
25 0.795062 0.420115 0.062626 0.071572
18 0.858806 0.421792 0.063371 0.070454
26 0.921432 0.424588 0.067845 0.070454