5 0.116891 0.328836 0.043240 0.091091
34 0.160995 0.325089 0.043240 0.090515
34 0.205532 0.327683 0.043240 0.088785
1 0.251366 0.328836 0.050158 0.092244
2 0.112351 0.495933 0.043672 0.088209
34 0.158833 0.491321 0.042375 0.089362
34 0.204667 0.501698 0.043240 0.085902
18 0.252879 0.497663 0.048861 0.091668
34 0.112351 0.683112 0.045401 0.083596
22 0.159698 0.680518 0.045834 0.091091
8 0.205532 0.679941 0.045834 0.093397
34 0.257203 0.672446 0.058373 0.092244
34 0.114296 0.838486 0.047563 0.093397
3 0.162725 0.833586 0.046699 0.095127
26 0.209856 0.827244 0.045834 0.093974
34 0.262608 0.826956 0.052752 0.093397
34 0.405803 0.282330 0.048861 0.095703
32 0.448826 0.265322 0.045834 0.093974
7 0.493147 0.269646 0.042807 0.091091
34 0.537035 0.271952 0.044104 0.091091
25 0.410775 0.451252 0.046699 0.091091
34 0.456393 0.448946 0.045401 0.087632
34 0.499416 0.439145 0.044969 0.091091
14 0.545683 0.436551 0.047563 0.085902
6 0.410775 0.611527 0.045834 0.089938
34 0.458339 0.610950 0.042375 0.086479
34 0.504605 0.600284 0.044969 0.087056
33 0.550439 0.610950 0.044969 0.086479
34 0.409046 0.790634 0.046699 0.092244
21 0.454880 0.786599 0.044104 0.094550
3 0.501794 0.782563 0.047131 0.094550
34 0.548493 0.779680 0.044537 0.091091
23 0.700192 0.784196 0.056211 0.099739
34 0.750566 0.780737 0.049725 0.095127
34 0.797697 0.787079 0.050590 0.090515
1 0.844828 0.786214 0.053185 0.095703
34 0.690463 0.608932 0.054049 0.087056
1 0.738675 0.602302 0.048428 0.089938
28 0.786238 0.600284 0.045834 0.090515
34 0.831640 0.619022 0.045834 0.084173
17 0.682896 0.432611 0.047563 0.089938
34 0.730027 0.426558 0.044969 0.088209
34 0.776726 0.421081 0.046699 0.086479
28 0.821911 0.419351 0.044537 0.087632
34 0.675833 0.252158 0.048428 0.094550
21 0.723181 0.251582 0.044537 0.091091
8 0.767285 0.241204 0.043672 0.088785
34 0.810308 0.246105 0.044104 0.091668