5 0.102117 0.454414 0.071669 0.131160
4 0.170274 0.450667 0.059022 0.121791
2 0.234565 0.460972 0.062535 0.131160
5 0.300965 0.462846 0.067454 0.127412
1 0.365140 0.450667 0.061832 0.125539
6 0.429431 0.446451 0.065346 0.124602
3 0.488805 0.429587 0.060427 0.122728
2 0.549232 0.429119 0.061832 0.123665
7 0.608956 0.406635 0.060427 0.116170
5 0.669735 0.408977 0.061130 0.118981
1 0.731919 0.413661 0.059022 0.120854
8 0.791643 0.411319 0.057617 0.118044
3 0.851368 0.407103 0.056211 0.118981
2 0.916479 0.405229 0.073075 0.120854