16 0.425346 0.107244 0.119593 0.064346
11 0.426646 0.170859 0.116993 0.062884
17 0.446470 0.233743 0.118943 0.062884
11 0.448420 0.297764 0.120243 0.062884
17 0.460444 0.361623 0.119593 0.060934
11 0.468244 0.425969 0.119593 0.063859
12 0.440296 0.488122 0.118293 0.061421
14 0.458819 0.550518 0.122843 0.062396
9 0.450695 0.614865 0.119593 0.062396
15 0.449720 0.679780 0.116343 0.064834
13 0.468894 0.742907 0.120893 0.064346
9 0.470519 0.807985 0.113743 0.065809
12 0.472794 0.873550 0.118293 0.066296