29 0.386892 0.078959 0.070089 0.068859
28 0.388473 0.146764 0.070089 0.069562
32 0.388737 0.213867 0.072723 0.066048
32 0.390054 0.280618 0.072196 0.067454
27 0.390845 0.348188 0.070616 0.068156
28 0.391372 0.415993 0.071669 0.070264
31 0.390318 0.482978 0.070616 0.064643
27 0.387683 0.549729 0.071669 0.066048
31 0.389264 0.617886 0.072723 0.070264
27 0.390054 0.688618 0.072196 0.070264
30 0.388210 0.758883 0.074831 0.070264
27 0.389264 0.829849 0.072723 0.067454
29 0.391372 0.898825 0.070616 0.068156
28 0.394797 0.966982 0.073250 0.063940