29 0.080325 0.528501 0.064346 0.067759
31 0.147596 0.526795 0.059797 0.064346
27 0.211942 0.527282 0.061096 0.066296
33 0.276613 0.521433 0.060447 0.067271
29 0.343234 0.520945 0.063696 0.064346
27 0.407581 0.519726 0.064996 0.064834
27 0.473444 0.519239 0.062396 0.064834
33 0.536598 0.515827 0.061746 0.064834
32 0.604086 0.519483 0.066296 0.067271
32 0.669732 0.518995 0.063696 0.066296
30 0.735812 0.513877 0.066296 0.066784
32 0.803408 0.519483 0.066296 0.067271
28 0.871546 0.515583 0.065646 0.067271
28 0.937517 0.513389 0.067596 0.065809