2 0.059742 0.402489 0.073446 0.076046
2 0.131563 0.405902 0.070196 0.074096
7 0.200459 0.405170 0.067596 0.074583
6 0.265456 0.396396 0.070196 0.076533
5 0.333268 0.394202 0.068896 0.076046
0 0.398265 0.389571 0.063696 0.076533
0 0.461636 0.379578 0.064346 0.076046
0 0.529232 0.394690 0.065646 0.075071
3 0.593578 0.388353 0.064346 0.076046
8 0.660200 0.399565 0.064996 0.077021
2 0.727796 0.397371 0.062396 0.075558
4 0.800700 0.402733 0.069546 0.076533
8 0.866671 0.397858 0.061096 0.075558
1 0.937192 0.398590 0.079945 0.077021