3 0.085256 0.441572 0.075032 0.073004
1 0.158259 0.441572 0.068948 0.076046
0 0.223659 0.441191 0.061850 0.072243
7 0.289565 0.439670 0.071990 0.073764
8 0.352936 0.439670 0.066920 0.078327
2 0.418842 0.438150 0.064892 0.076806
5 0.482721 0.436248 0.066920 0.074525
8 0.546599 0.435108 0.064892 0.076806
7 0.612505 0.433207 0.070976 0.077567
3 0.677398 0.433967 0.066920 0.076046
6 0.742797 0.430925 0.069962 0.076046
5 0.809210 0.432446 0.066920 0.076046
1 0.874102 0.432826 0.066920 0.078327
2 0.942036 0.433967 0.077060 0.074525