32 0.113420 0.480184 0.064734 0.113148
32 0.171626 0.474019 0.061470 0.113873
30 0.233640 0.465315 0.063646 0.115324
28 0.295110 0.461689 0.060382 0.113873
28 0.357939 0.461689 0.062014 0.112423
32 0.417233 0.438479 0.060926 0.112423
30 0.479066 0.433402 0.059838 0.113873
28 0.541080 0.452260 0.059838 0.108071
27 0.603365 0.449963 0.061470 0.111697
29 0.664201 0.421313 0.060926 0.112423
30 0.726486 0.405719 0.060382 0.116049
31 0.789679 0.408620 0.060926 0.113148
29 0.851149 0.407532 0.060926 0.113873
28 0.913344 0.403180 0.060926 0.113873