28 0.581499 0.062001 0.067886 0.066301
27 0.580202 0.130031 0.067886 0.065148
29 0.581067 0.197196 0.072210 0.069183
32 0.583013 0.262344 0.070048 0.070336
31 0.584310 0.328068 0.066589 0.063418
30 0.589931 0.392639 0.069183 0.068030
32 0.589715 0.459228 0.071345 0.065148
31 0.591444 0.525240 0.069616 0.065724
29 0.601606 0.589234 0.066589 0.066877
29 0.597714 0.655535 0.067454 0.065724
28 0.597498 0.720971 0.069616 0.066301
29 0.598579 0.788424 0.068318 0.069760
27 0.593606 0.852034 0.067886 0.068607
33 0.591012 0.918912 0.067886 0.068607