25 0.466294 0.058415 0.120893 0.068734
22 0.468569 0.123737 0.120243 0.063859
24 0.474094 0.188570 0.118293 0.065809
19 0.480593 0.254623 0.119593 0.067271
23 0.485143 0.320432 0.116993 0.066296
25 0.477668 0.384290 0.117643 0.062396
22 0.484493 0.448555 0.119593 0.063859
18 0.490993 0.514608 0.119593 0.063371
26 0.504967 0.578304 0.117643 0.063371
18 0.503992 0.644844 0.120893 0.063859
26 0.501392 0.710572 0.122193 0.065321
19 0.512766 0.776705 0.121543 0.066296
18 0.513741 0.843245 0.122193 0.063859
22 0.517316 0.908810 0.124143 0.067271