25 0.099390 0.534594 0.077346 0.072146
22 0.163736 0.534107 0.074746 0.073121
24 0.229383 0.531426 0.072146 0.073608
19 0.294162 0.527526 0.069546 0.074583
23 0.360025 0.525820 0.068246 0.074096
25 0.421555 0.529963 0.066946 0.073608
22 0.489043 0.525982 0.064996 0.071171
18 0.551764 0.523301 0.063046 0.072633
26 0.615894 0.518183 0.065646 0.074096
18 0.681757 0.517695 0.066946 0.074096
26 0.746861 0.519401 0.070196 0.074583
19 0.815324 0.514283 0.072796 0.073121
18 0.881728 0.515583 0.076046 0.076046
22 0.949541 0.513389 0.077346 0.076533