10 0.058685 0.362207 0.077630 0.074857
14 0.125620 0.364583 0.075253 0.076046
14 0.192953 0.359533 0.073669 0.074263
10 0.258700 0.359830 0.070501 0.074857
9 0.325108 0.360425 0.063371 0.074857
17 0.390460 0.360722 0.067332 0.073075
12 0.453567 0.359533 0.064163 0.077828
12 0.518523 0.363989 0.064163 0.073669
14 0.583082 0.360722 0.064956 0.071887
10 0.646454 0.358939 0.061787 0.074263
9 0.711674 0.361019 0.068124 0.074857
10 0.778610 0.360722 0.067332 0.074263
13 0.844357 0.356563 0.070501 0.073075
9 0.910501 0.359830 0.074461 0.076046