7 0.063806 0.496254 0.075300 0.075486
1 0.136497 0.494856 0.074555 0.074927
4 0.202850 0.487028 0.070081 0.074927
8 0.268831 0.481715 0.064862 0.069895
6 0.337049 0.474446 0.067099 0.074368
5 0.404645 0.478081 0.068590 0.074927
3 0.473235 0.475844 0.067099 0.070454
4 0.536234 0.465220 0.069336 0.073809
5 0.603705 0.464382 0.065608 0.073250
7 0.670059 0.468016 0.062626 0.079401
5 0.737779 0.467457 0.067845 0.076046
3 0.807488 0.470532 0.068590 0.075486
6 0.877196 0.466898 0.064862 0.074927
3 0.947650 0.467737 0.077537 0.076605