28 0.111697 0.480909 0.062014 0.110247
30 0.170175 0.475107 0.060382 0.108796
30 0.229469 0.460238 0.061470 0.112423
32 0.290576 0.456249 0.060382 0.111697
31 0.349054 0.452985 0.063102 0.110972
31 0.411159 0.456974 0.061470 0.111697
27 0.470725 0.456611 0.060926 0.106620
33 0.530019 0.451897 0.058750 0.105895
30 0.590945 0.446820 0.058750 0.108796
33 0.651508 0.436303 0.059838 0.110972
27 0.714338 0.436666 0.060382 0.108796
33 0.774447 0.440292 0.058750 0.111697
32 0.835101 0.448512 0.058206 0.111697
28 0.897206 0.440171 0.063102 0.112423