18 0.058659 0.371941 0.078645 0.075071
26 0.128205 0.369991 0.078645 0.075071
18 0.194501 0.367798 0.070846 0.075558
19 0.260364 0.367554 0.066946 0.076046
22 0.328610 0.367066 0.072146 0.077021
22 0.396206 0.366091 0.065646 0.075071
24 0.460553 0.364954 0.068246 0.074096
22 0.525874 0.363004 0.066296 0.076046
18 0.591845 0.362760 0.068246 0.074583
19 0.656191 0.360323 0.065646 0.074583
25 0.723246 0.362029 0.071496 0.076046
26 0.791059 0.361054 0.072796 0.077021
23 0.858655 0.362760 0.075396 0.075558
25 0.925276 0.363004 0.077346 0.076046