20 0.061259 0.305076 0.079945 0.074583
25 0.127230 0.304345 0.071496 0.071171
20 0.190927 0.305807 0.070196 0.073121
21 0.256248 0.304345 0.072146 0.071171
18 0.322327 0.304589 0.069546 0.073608
26 0.387974 0.306051 0.064346 0.070683
25 0.452320 0.303126 0.065646 0.071658
26 0.517533 0.301420 0.063046 0.073121
18 0.581879 0.300933 0.064346 0.074096
20 0.646984 0.299145 0.066296 0.073121
26 0.712630 0.299877 0.063696 0.071658
22 0.779901 0.300445 0.070846 0.074096
25 0.847497 0.302639 0.069546 0.075558
19 0.911843 0.298495 0.078645 0.077021