1 0.497043 0.128327 0.116603 0.062738
6 0.497043 0.188213 0.101394 0.057034
6 0.502112 0.246198 0.116603 0.055133
8 0.497043 0.303232 0.106464 0.051331
3 0.507182 0.360266 0.106464 0.062738
1 0.508449 0.416350 0.093790 0.049430
7 0.507182 0.469582 0.116603 0.049430
4 0.504647 0.524715 0.121673 0.057034
3 0.509717 0.581749 0.121673 0.049430
4 0.505915 0.632129 0.119138 0.051331
5 0.507182 0.692015 0.126743 0.060837
4 0.505915 0.741445 0.124208 0.053232
0 0.508449 0.795627 0.124208 0.055133
6 0.514787 0.852662 0.111534 0.062738