13 0.102207 0.197995 0.076046 0.075558
34 0.165903 0.195070 0.066946 0.077508
34 0.227974 0.201895 0.063696 0.078483
20 0.296220 0.197507 0.066296 0.072633
28 0.088232 0.302558 0.070196 0.073121
34 0.157778 0.307676 0.071496 0.077508
34 0.221800 0.308164 0.069546 0.078483
15 0.290696 0.302801 0.073446 0.077508
34 0.079133 0.425319 0.077996 0.075558
17 0.142829 0.420201 0.075396 0.076046
9 0.213025 0.412889 0.070196 0.076046
34 0.285496 0.414107 0.077346 0.077508
34 0.084008 0.556693 0.070846 0.075071
8 0.152254 0.551331 0.066946 0.069221
6 0.223425 0.554987 0.072796 0.074583
34 0.299795 0.555718 0.076046 0.072146
34 0.412564 0.524520 0.066296 0.072146
23 0.479835 0.523545 0.066946 0.073121
33 0.548731 0.524276 0.068246 0.070683
34 0.617302 0.523545 0.067596 0.074096
34 0.421663 0.402896 0.068896 0.080433
14 0.488934 0.404358 0.063046 0.073608
14 0.555231 0.400946 0.061746 0.072633
34 0.622827 0.402164 0.065646 0.075071
9 0.426213 0.292808 0.070196 0.072146
34 0.491209 0.294027 0.064996 0.080433
34 0.555881 0.292564 0.063046 0.075558
2 0.621852 0.289396 0.063696 0.071171
27 0.426863 0.196289 0.063696 0.076046
34 0.488609 0.196776 0.059797 0.077996
34 0.551981 0.202138 0.063046 0.074096
20 0.617952 0.198726 0.063696 0.075071
29 0.752819 0.192145 0.069546 0.072633
34 0.818790 0.191901 0.059797 0.077021
34 0.881512 0.189952 0.063046 0.078970
18 0.945533 0.187027 0.062396 0.077021
10 0.756394 0.304995 0.072796 0.080920
34 0.825615 0.303045 0.063046 0.078970
34 0.890611 0.309626 0.063046 0.079458
24 0.958749 0.310845 0.067596 0.075071
34 0.755311 0.424669 0.076696 0.078483
23 0.828432 0.418332 0.068246 0.075558
26 0.895703 0.429544 0.067596 0.075558
34 0.961024 0.424913 0.068246 0.077021
34 0.755636 0.545075 0.077346 0.075558
24 0.832006 0.544831 0.072796 0.073121
17 0.903177 0.546781 0.069546 0.070196
34 0.967675 0.544344 0.064650 0.072146