32 0.056139 0.446928 0.070480 0.118188
27 0.120782 0.453270 0.063130 0.119341
29 0.182831 0.455865 0.062697 0.117611
30 0.249204 0.454423 0.065724 0.121647
33 0.314784 0.435686 0.070048 0.119918
27 0.380508 0.428191 0.068318 0.119918
33 0.445151 0.421561 0.066156 0.118188
29 0.509145 0.417429 0.064427 0.122224
28 0.574581 0.422906 0.065292 0.118188
32 0.639728 0.413970 0.067886 0.119918
31 0.706029 0.408781 0.065292 0.118765
28 0.770456 0.399845 0.062697 0.118188
32 0.836901 0.404169 0.065292 0.121071
27 0.901760 0.397251 0.061832 0.118765