0 0.147925 0.471608 0.066566 0.120706
1 0.213751 0.469242 0.063016 0.121890
4 0.272773 0.466283 0.059466 0.123073
1 0.332978 0.467466 0.059466 0.115973
6 0.392000 0.465987 0.058578 0.118931
3 0.449691 0.462437 0.057691 0.117748
8 0.507381 0.468650 0.059466 0.118340
2 0.564554 0.461549 0.062572 0.118340
2 0.622911 0.459183 0.058578 0.118340
7 0.680823 0.453857 0.058134 0.114790
0 0.740511 0.457112 0.061241 0.117748
2 0.798275 0.442319 0.053697 0.117748
5 0.851676 0.435219 0.056359 0.117748
8 0.912917 0.435515 0.065235 0.120706