33 0.063426 0.533294 0.069546 0.072146
31 0.130047 0.533294 0.063696 0.068246
27 0.196343 0.532563 0.066296 0.065809
33 0.263939 0.540363 0.066296 0.068734
27 0.331535 0.539875 0.063696 0.066784
29 0.398156 0.534513 0.068246 0.065809
33 0.466077 0.532076 0.064996 0.067759
32 0.532049 0.529882 0.065646 0.067271
33 0.599536 0.530613 0.067596 0.066784
30 0.665833 0.514770 0.070196 0.066296
31 0.734404 0.516720 0.070846 0.068246
27 0.800808 0.510383 0.071496 0.068246
29 0.870354 0.515014 0.071496 0.067759
31 0.936542 0.512333 0.070846 0.067271