17 0.441292 0.082281 0.113717 0.058499
11 0.444936 0.141600 0.115175 0.060139
15 0.440927 0.204472 0.115904 0.060139
9 0.444936 0.264611 0.118091 0.061232
13 0.441292 0.327483 0.118091 0.062326
10 0.447488 0.390083 0.120278 0.061779
12 0.454413 0.452864 0.121007 0.059045
17 0.448946 0.516283 0.120278 0.060139
11 0.447852 0.577060 0.115175 0.059592
14 0.448946 0.642119 0.120278 0.063966
13 0.460974 0.706814 0.118091 0.062872
12 0.469357 0.769413 0.124651 0.061232
16 0.471179 0.833652 0.119549 0.061779
11 0.478468 0.898438 0.118091 0.065606