23 0.100460 0.466338 0.070913 0.113576
24 0.164022 0.479598 0.063994 0.117035
21 0.224701 0.475274 0.062265 0.116458
23 0.289128 0.458555 0.068318 0.115305
23 0.352330 0.458267 0.064427 0.118188
19 0.415171 0.449331 0.063562 0.119918
24 0.479814 0.440683 0.063994 0.116458
22 0.541863 0.448466 0.063562 0.117035
18 0.603984 0.432035 0.066156 0.119918
26 0.668771 0.422810 0.063130 0.119918
18 0.733198 0.413009 0.063994 0.114152
18 0.797048 0.414162 0.063994 0.118765
20 0.861619 0.420504 0.063994 0.118765
26 0.925109 0.425116 0.064427 0.115305