11 0.061197 0.314247 0.082010 0.076046
11 0.130160 0.312011 0.072318 0.076046
13 0.195022 0.313129 0.075300 0.076046
15 0.265476 0.313688 0.076046 0.077164
9 0.333321 0.312290 0.068590 0.077723
17 0.401166 0.304183 0.067099 0.073809
12 0.467892 0.301946 0.066354 0.073809
13 0.533500 0.304742 0.069336 0.077164
16 0.601344 0.300362 0.069336 0.075486
16 0.668071 0.302319 0.067099 0.073809
17 0.735046 0.302505 0.070827 0.072691
11 0.801026 0.298870 0.071572 0.075486
17 0.869989 0.301387 0.076791 0.074927
13 0.937461 0.301946 0.082010 0.078282