11 0.538346 0.090304 0.129725 0.069895
11 0.543937 0.154048 0.127488 0.065422
13 0.540210 0.212760 0.125997 0.063185
15 0.539091 0.276225 0.125252 0.060389
9 0.541701 0.338291 0.125997 0.061507
17 0.558103 0.398960 0.121524 0.057593
12 0.560712 0.458697 0.123761 0.059271
13 0.559221 0.518527 0.122269 0.054798
16 0.561458 0.579289 0.119287 0.059271
16 0.562203 0.637628 0.120778 0.060389
17 0.560339 0.699135 0.124506 0.065981
11 0.568168 0.758965 0.123761 0.064862
17 0.561458 0.818516 0.119287 0.069895
13 0.565186 0.877507 0.120778 0.071572