5 0.062342 0.434500 0.072146 0.072146
4 0.132863 0.434744 0.067596 0.073608
6 0.199484 0.432550 0.070846 0.074096
7 0.263831 0.420363 0.064346 0.073121
2 0.329152 0.421338 0.064996 0.073121
4 0.393498 0.424751 0.063696 0.072146
1 0.458494 0.424751 0.066296 0.068246
1 0.522516 0.410614 0.063046 0.072146
2 0.585887 0.429869 0.064996 0.071658
7 0.648825 0.426700 0.065646 0.071171
2 0.715446 0.423532 0.068896 0.071658
5 0.781201 0.421095 0.065646 0.071658
8 0.841647 0.413295 0.065646 0.072633
0 0.910219 0.412564 0.070196 0.072146