2 0.077769 0.412998 0.082049 0.075545
7 0.151146 0.411247 0.070042 0.076046
2 0.217853 0.404493 0.068708 0.078547
5 0.282892 0.394737 0.070709 0.075045
0 0.351600 0.398489 0.066707 0.078547
7 0.415972 0.393986 0.067374 0.073544
1 0.481344 0.391485 0.068708 0.074545
1 0.543270 0.385731 0.065373 0.075045
4 0.608643 0.381479 0.062704 0.074545
3 0.675016 0.378227 0.064705 0.075045
8 0.738721 0.383230 0.062704 0.076046
0 0.804094 0.385982 0.065373 0.075545
7 0.868799 0.380728 0.062704 0.073044
4 0.938174 0.382229 0.072043 0.076046