4 0.556753 0.172898 0.127588 0.067807
6 0.554640 0.235002 0.118293 0.064005
2 0.556330 0.292987 0.114913 0.059569
3 0.550415 0.348120 0.113223 0.060837
6 0.551260 0.407689 0.118293 0.058302
1 0.550838 0.465040 0.117448 0.056401
7 0.547036 0.519856 0.113223 0.053232
0 0.540698 0.575623 0.115758 0.054499
4 0.552950 0.631707 0.116603 0.057668
0 0.552387 0.688424 0.118293 0.057034
3 0.551120 0.745458 0.119138 0.054499
8 0.542248 0.801225 0.118293 0.059569
3 0.543093 0.860794 0.118293 0.054499
5 0.541825 0.922898 0.120828 0.073511