3 0.052268 0.495597 0.077996 0.077996
8 0.128963 0.494622 0.070196 0.076046
1 0.197534 0.490966 0.073446 0.074583
7 0.264806 0.488284 0.066296 0.074096
6 0.330777 0.488528 0.064346 0.074583
2 0.396748 0.486335 0.066296 0.075071
8 0.461419 0.490722 0.065646 0.074096
2 0.528040 0.485847 0.067596 0.072146
4 0.593578 0.489259 0.063046 0.075071
0 0.657925 0.488041 0.064346 0.075558
5 0.724546 0.492184 0.068896 0.074096
0 0.791925 0.488041 0.070196 0.074583
0 0.859521 0.482922 0.064996 0.074096
2 0.936867 0.476585 0.087095 0.080920