29 0.458494 0.065078 0.113093 0.062884
31 0.460444 0.128936 0.115693 0.061909
27 0.462394 0.191820 0.113093 0.060934
33 0.476043 0.255842 0.116993 0.058984
29 0.476043 0.317994 0.114393 0.061421
27 0.480268 0.382178 0.113743 0.060447
27 0.482543 0.444331 0.113093 0.060934
33 0.491643 0.505996 0.114393 0.060447
32 0.485793 0.569042 0.115693 0.060447
32 0.485468 0.631032 0.113743 0.061909
30 0.496842 0.694404 0.116993 0.058009
32 0.492293 0.757694 0.115693 0.055572
28 0.499117 0.820822 0.115043 0.062884
28 0.501717 0.883949 0.112444 0.058497