28 0.425188 0.088425 0.066589 0.065724
32 0.428215 0.154149 0.067454 0.064571
33 0.422810 0.217279 0.066156 0.065148
27 0.420865 0.281561 0.066589 0.065724
33 0.418703 0.345844 0.067454 0.065148
30 0.423891 0.411568 0.066589 0.063994
33 0.426269 0.476139 0.066156 0.065148
27 0.427783 0.540037 0.066589 0.063418
31 0.426702 0.607203 0.067886 0.063994
31 0.423026 0.673023 0.067454 0.064571
32 0.422594 0.741533 0.070048 0.065148
30 0.423243 0.809371 0.069616 0.067454
30 0.433404 0.875384 0.069183 0.068030
28 0.433620 0.945432 0.070480 0.066301