26 0.131294 0.479001 0.061832 0.107069
20 0.189914 0.460264 0.063439 0.114564
24 0.248133 0.472042 0.061029 0.108140
19 0.307155 0.470436 0.058620 0.107069
22 0.368104 0.470703 0.060708 0.105356
23 0.427528 0.464600 0.060708 0.111138
19 0.486549 0.460425 0.062154 0.107926
25 0.546053 0.470061 0.059745 0.109211
25 0.605878 0.466527 0.061190 0.105999
25 0.666265 0.459461 0.062154 0.109853
26 0.726492 0.436655 0.060226 0.106641
21 0.787923 0.432479 0.058781 0.108568
21 0.849835 0.415134 0.058299 0.109853
25 0.911507 0.405819 0.061190 0.111780