14 0.062401 0.311633 0.078101 0.076559
13 0.130225 0.310348 0.075361 0.076046
10 0.196337 0.311119 0.074675 0.074504
11 0.266217 0.311119 0.071935 0.074504
11 0.334270 0.313431 0.070565 0.073990
14 0.401181 0.310177 0.067824 0.075018
14 0.467635 0.309663 0.067824 0.078101
16 0.532262 0.306837 0.067824 0.074504
16 0.599059 0.307865 0.068510 0.075532
11 0.665970 0.306067 0.064399 0.075018
15 0.730369 0.304525 0.069880 0.076046
13 0.798536 0.301956 0.069195 0.075018
14 0.863506 0.299815 0.071250 0.075532
16 0.928590 0.301613 0.072620 0.077073