24 0.388190 0.065565 0.100744 0.056059
21 0.398590 0.119431 0.098144 0.053622
6 0.403464 0.172565 0.101394 0.052647
28 0.400539 0.231549 0.100744 0.063371
33 0.433688 0.334406 0.104644 0.058497
17 0.410939 0.401189 0.077346 0.075071
31 0.419388 0.466511 0.100744 0.054597
26 0.409964 0.577979 0.072796 0.074096
6 0.438562 0.642976 0.097494 0.053622
27 0.440837 0.697329 0.100744 0.056059
34 0.434987 0.775649 0.096844 0.065809
14 0.439537 0.834146 0.100744 0.053134
14 0.433688 0.888986 0.100744 0.053622
34 0.441487 0.943583 0.096844 0.053622
19 0.646875 0.266485 0.107244 0.062396