27 0.446395 0.090025 0.114814 0.062626
28 0.453478 0.151812 0.115560 0.059830
30 0.452360 0.213599 0.117796 0.060389
31 0.457206 0.274268 0.117051 0.060948
28 0.461306 0.338105 0.113323 0.060389
32 0.474726 0.399333 0.116305 0.060948
32 0.475472 0.460467 0.116305 0.062067
27 0.487400 0.521416 0.114814 0.059830
27 0.483300 0.582644 0.114068 0.060389
29 0.485164 0.645642 0.114814 0.062626
29 0.488891 0.709666 0.120778 0.064303
27 0.500820 0.770335 0.110341 0.061507
31 0.484418 0.832122 0.119287 0.061321
28 0.489637 0.896239 0.119287 0.066540