23 0.117179 0.515535 0.065724 0.117035
26 0.178795 0.512364 0.067021 0.112999
18 0.240412 0.517553 0.064859 0.114152
25 0.302244 0.509770 0.062265 0.113576
22 0.362924 0.509770 0.066589 0.113576
24 0.426702 0.511788 0.066156 0.111846
21 0.489399 0.503428 0.069616 0.114729
18 0.551448 0.508328 0.064859 0.111846
26 0.615226 0.495068 0.067021 0.115305
18 0.679004 0.488727 0.063994 0.116458
20 0.743071 0.484114 0.065292 0.118765
21 0.806128 0.471719 0.065724 0.119341
20 0.868898 0.459804 0.065292 0.117035
23 0.932892 0.463263 0.063562 0.119341