3 0.533345 0.171193 0.117328 0.062466
6 0.537329 0.230672 0.118052 0.055405
1 0.546382 0.287163 0.110085 0.054318
3 0.550727 0.342205 0.110085 0.054318
7 0.551452 0.396252 0.115879 0.051602
4 0.554348 0.450661 0.108637 0.051059
8 0.551452 0.504345 0.114431 0.050516
0 0.556159 0.556491 0.106464 0.051602
0 0.553986 0.607550 0.109361 0.049430
6 0.555435 0.659153 0.110809 0.049430
2 0.573541 0.708582 0.102118 0.048343
4 0.574265 0.758284 0.103567 0.047800
0 0.584405 0.809343 0.106464 0.052146
8 0.581870 0.863389 0.105740 0.053775