1 0.068652 0.471483 0.070976 0.076046
6 0.134558 0.469582 0.060837 0.072243
6 0.199197 0.471483 0.068441 0.076046
8 0.263836 0.470532 0.065906 0.074144
3 0.331010 0.469582 0.073511 0.079848
1 0.400718 0.467681 0.065906 0.076046
7 0.460287 0.464829 0.058302 0.074144
4 0.528728 0.465779 0.068441 0.072243
3 0.587030 0.465779 0.068441 0.079848
4 0.654204 0.461027 0.065906 0.081749
5 0.720110 0.462928 0.065906 0.077947
4 0.786016 0.460076 0.065906 0.072243
0 0.856992 0.462928 0.070976 0.074144
6 0.930503 0.459125 0.070976 0.074144