1 0.083033 0.481947 0.075396 0.073121
0 0.155179 0.482922 0.066296 0.075071
2 0.223750 0.480241 0.065646 0.075558
7 0.289071 0.473660 0.066296 0.071171
6 0.356992 0.474635 0.064346 0.073121
0 0.422638 0.477316 0.066946 0.073608
8 0.486660 0.464886 0.066296 0.075071
0 0.550681 0.462205 0.064346 0.073608
3 0.615352 0.460255 0.063696 0.073608
5 0.681432 0.466836 0.064996 0.073121
8 0.748053 0.464886 0.066946 0.075071
2 0.812399 0.462936 0.064346 0.075071
4 0.881295 0.469760 0.070846 0.074096
2 0.953549 0.471710 0.070196 0.075071