11 0.086283 0.322544 0.074096 0.071171
13 0.152904 0.322788 0.069546 0.074583
10 0.217575 0.318157 0.071496 0.074096
16 0.285171 0.314257 0.071496 0.072146
11 0.348867 0.313282 0.067596 0.073121
15 0.414189 0.306701 0.068246 0.072633
14 0.478860 0.300364 0.066296 0.073608
13 0.543531 0.299877 0.066946 0.075558
14 0.607336 0.298658 0.064996 0.074096
16 0.672007 0.295489 0.065646 0.071658
16 0.739928 0.297195 0.067596 0.073121
14 0.805575 0.294758 0.070196 0.074096
11 0.871221 0.294027 0.072796 0.071658
14 0.939142 0.295977 0.076046 0.076533