16 0.429794 0.070614 0.126743 0.067898
13 0.436131 0.136475 0.123121 0.063824
16 0.439299 0.197922 0.120406 0.063145
11 0.442468 0.260728 0.121311 0.059750
14 0.444278 0.323194 0.124932 0.062466
14 0.450163 0.386678 0.125837 0.061787
13 0.451974 0.448692 0.122216 0.059071
14 0.461932 0.512855 0.122216 0.062466
11 0.468269 0.574642 0.122216 0.058392
14 0.469627 0.635751 0.121311 0.063824
16 0.478680 0.696859 0.124932 0.063824
11 0.481396 0.760456 0.119500 0.062466
10 0.486375 0.821904 0.118595 0.064503
15 0.491354 0.884709 0.115879 0.069256