26 0.082438 0.419752 0.080715 0.077046
19 0.153481 0.419252 0.073377 0.078047
26 0.219854 0.419502 0.072710 0.073544
20 0.289785 0.418168 0.068041 0.074545
21 0.354824 0.418168 0.066040 0.071543
22 0.421642 0.423754 0.066707 0.075045
25 0.485569 0.418751 0.066040 0.076046
25 0.550608 0.409746 0.065373 0.071043
19 0.613424 0.407995 0.066040 0.073544
21 0.678129 0.413998 0.066040 0.072544
25 0.744058 0.412748 0.070709 0.075045
23 0.810097 0.420002 0.072043 0.075545
24 0.871467 0.419502 0.074711 0.073544
25 0.939175 0.420502 0.076713 0.074545