5 0.071359 0.323491 0.083967 0.081393
4 0.145820 0.322897 0.071293 0.080204
0 0.211172 0.323194 0.072085 0.080798
1 0.281276 0.316065 0.074461 0.079610
3 0.350589 0.320223 0.073669 0.080798
2 0.420297 0.319926 0.070501 0.081393
1 0.486441 0.324679 0.068124 0.081393
8 0.553245 0.319332 0.072877 0.080204
7 0.618993 0.300024 0.068124 0.078422
6 0.687117 0.296162 0.071293 0.079016
3 0.755373 0.303885 0.070501 0.073075
8 0.819141 0.293786 0.069708 0.076640
0 0.889641 0.303291 0.068124 0.079016
4 0.962776 0.302103 0.074448 0.079016