0 0.563821 0.137626 0.128947 0.061994
7 0.568781 0.197553 0.125641 0.057861
1 0.575394 0.256241 0.116824 0.056208
3 0.577598 0.312035 0.114619 0.055381
8 0.580353 0.369483 0.117926 0.057861
7 0.582557 0.427343 0.115722 0.054554
3 0.582006 0.480245 0.121232 0.052901
2 0.590823 0.534386 0.116824 0.055381
5 0.596885 0.588527 0.115722 0.052901
6 0.600191 0.641842 0.117926 0.052075
5 0.593027 0.694743 0.112415 0.055381
8 0.588619 0.748884 0.116824 0.056208
1 0.595783 0.799719 0.109109 0.047115
2 0.601844 0.855513 0.112415 0.061167