3 0.115666 0.404265 0.068751 0.115882
3 0.179876 0.403689 0.066589 0.117035
15 0.243871 0.404169 0.064859 0.121071
14 0.308442 0.396386 0.066589 0.120494
7 0.372869 0.394080 0.063130 0.117035
6 0.438593 0.390140 0.065724 0.121071
5 0.503452 0.388603 0.065724 0.117611
25 0.568311 0.387162 0.063994 0.120494
24 0.634251 0.392639 0.062697 0.118765
23 0.699399 0.388603 0.063562 0.118765
22 0.765916 0.377649 0.066589 0.121071
21 0.831496 0.380243 0.060535 0.119341
20 0.898084 0.383991 0.063994 0.124530
16 0.562530 0.674571 0.068703 0.123249