19 0.092132 0.405414 0.075396 0.073121
21 0.159728 0.401758 0.070196 0.073608
24 0.225050 0.405658 0.066946 0.076533
26 0.290371 0.403708 0.068896 0.072633
25 0.354717 0.398102 0.067596 0.072146
19 0.419930 0.389571 0.066296 0.072633
22 0.481676 0.383722 0.066296 0.075558
18 0.546781 0.387134 0.068246 0.071658
24 0.612102 0.388596 0.066296 0.073608
25 0.678723 0.391521 0.066946 0.075558
20 0.746320 0.390546 0.070846 0.076533
20 0.816732 0.390628 0.066946 0.076046
22 0.877937 0.386159 0.077996 0.077508
22 0.949433 0.386403 0.076696 0.077996