21 0.380548 0.079598 0.115221 0.062795
6 0.389382 0.141241 0.119061 0.060491
6 0.372099 0.205189 0.116757 0.059339
24 0.382853 0.264911 0.115221 0.060491
16 0.407817 0.326266 0.114453 0.061067
22 0.413962 0.389254 0.112916 0.058763
28 0.405129 0.450609 0.113684 0.059339
1 0.405513 0.513500 0.111380 0.056458
13 0.415498 0.573415 0.111380 0.058763
11 0.399752 0.638226 0.113684 0.063947
19 0.640947 0.262319 0.119829 0.071437
27 0.398373 0.759075 0.085145 0.097982
14 0.421122 0.840483 0.113743 0.062884
14 0.409097 0.903448 0.113093 0.065321