7 0.170724 0.445871 0.062697 0.108387
1 0.228449 0.443565 0.059671 0.106081
4 0.282138 0.435494 0.056644 0.108387
8 0.336187 0.427422 0.051455 0.103775
6 0.388435 0.419351 0.053617 0.103775
5 0.440538 0.424540 0.052320 0.102622
3 0.492210 0.423099 0.050158 0.103198
4 0.542368 0.409550 0.053617 0.101469
5 0.593174 0.408974 0.047996 0.103775
7 0.642755 0.413586 0.049725 0.102622
5 0.695003 0.414835 0.053617 0.100892
3 0.748188 0.419447 0.051887 0.098586
6 0.797913 0.415988 0.047563 0.102045
3 0.852899 0.419735 0.060103 0.103775