20 0.449154 0.047176 0.123926 0.066188
18 0.444930 0.113012 0.126743 0.065484
21 0.439297 0.179200 0.117354 0.065484
25 0.447277 0.246796 0.123926 0.066892
19 0.445399 0.316387 0.127682 0.067596
20 0.449154 0.384688 0.122049 0.066188
26 0.454787 0.452284 0.127682 0.066188
26 0.461359 0.519645 0.120171 0.064780
22 0.482952 0.586185 0.127682 0.065484
20 0.479666 0.654368 0.124865 0.064780
25 0.482952 0.723724 0.120171 0.068300
25 0.500790 0.790264 0.125804 0.064780
18 0.502198 0.857508 0.130498 0.066892
26 0.503607 0.926865 0.123926 0.066188