12 0.081663 0.614812 0.061832 0.112423
15 0.141621 0.607005 0.059959 0.114296
10 0.201580 0.602320 0.065580 0.113672
13 0.261461 0.592639 0.062301 0.115546
10 0.322591 0.581709 0.063706 0.116170
9 0.383721 0.575568 0.061364 0.108051
17 0.442586 0.574319 0.061364 0.113047
17 0.503248 0.570571 0.061832 0.116795
10 0.562894 0.557455 0.065580 0.113047
14 0.624102 0.554020 0.063706 0.116170
16 0.684686 0.544027 0.067454 0.111174
9 0.745659 0.544339 0.065111 0.115546
15 0.808819 0.550273 0.068390 0.116170
14 0.866982 0.546525 0.074480 0.118668