28 0.106369 0.577319 0.059671 0.114152
31 0.170147 0.575013 0.061832 0.112999
32 0.231764 0.556564 0.059671 0.111846
27 0.295038 0.560600 0.062265 0.112999
30 0.357591 0.555988 0.062265 0.111846
32 0.418703 0.547340 0.060535 0.112999
28 0.479958 0.543304 0.061400 0.111846
33 0.540422 0.551664 0.060103 0.111270
27 0.600741 0.536386 0.061400 0.109540
33 0.661132 0.534080 0.062265 0.111846
30 0.721811 0.530044 0.061400 0.110693
33 0.783284 0.536386 0.064427 0.109540
31 0.842882 0.540133 0.063130 0.108964
30 0.900895 0.529756 0.061832 0.108964