15 0.100257 0.339687 0.078645 0.074583
12 0.162653 0.341149 0.069546 0.074583
13 0.231549 0.345780 0.074746 0.077021
17 0.296979 0.342855 0.064346 0.072146
9 0.364575 0.347730 0.068246 0.074096
10 0.431196 0.342368 0.070196 0.075071
11 0.496192 0.337737 0.070196 0.075558
10 0.562813 0.340905 0.066946 0.074096
9 0.629435 0.338712 0.068896 0.075558
17 0.692156 0.326281 0.070846 0.074096
15 0.762569 0.333350 0.074746 0.075558
12 0.828540 0.332618 0.076696 0.073121
9 0.892020 0.328719 0.076696 0.077021
12 0.959074 0.328475 0.081245 0.077508