32 0.074475 0.443356 0.085145 0.075558
30 0.143046 0.437994 0.076696 0.076533
30 0.209017 0.439943 0.072146 0.074583
33 0.276938 0.443356 0.074096 0.075558
31 0.343559 0.441893 0.072146 0.078483
32 0.408881 0.440918 0.066296 0.074583
33 0.478318 0.445062 0.068246 0.077021
33 0.545589 0.448230 0.063696 0.075558
30 0.611019 0.445306 0.068896 0.076533
31 0.678507 0.443112 0.068246 0.077021
29 0.745778 0.446037 0.072796 0.077021
29 0.813699 0.444331 0.077346 0.077508
28 0.882270 0.445062 0.077996 0.078970
33 0.951166 0.445549 0.079295 0.079945