17 0.070683 0.425401 0.076696 0.075071
17 0.138930 0.425157 0.075396 0.072633
13 0.204251 0.422476 0.069546 0.076046
13 0.267947 0.422963 0.068246 0.074096
11 0.333377 0.426619 0.066946 0.074583
13 0.399023 0.418820 0.064346 0.073608
16 0.462611 0.417114 0.064996 0.073121
12 0.525766 0.415326 0.068246 0.074096
11 0.589787 0.413864 0.064996 0.072146
11 0.654458 0.409233 0.068246 0.070683
15 0.719454 0.408745 0.072146 0.075558
16 0.786942 0.413376 0.071496 0.076046
9 0.853238 0.410939 0.074096 0.075071
17 0.918668 0.409070 0.079295 0.073608