8 0.139762 0.448200 0.070520 0.113445
3 0.202616 0.438491 0.052123 0.112423
2 0.261638 0.456888 0.059788 0.116511
3 0.323726 0.454333 0.062855 0.113445
6 0.380832 0.446156 0.060555 0.109357
7 0.437554 0.447689 0.055956 0.114467
5 0.492360 0.429293 0.058255 0.106291
4 0.549849 0.437980 0.059788 0.111401
1 0.608360 0.442068 0.059788 0.113445
2 0.662016 0.425716 0.056722 0.105269
2 0.718356 0.426227 0.057489 0.108335
5 0.771245 0.422650 0.054423 0.111401
5 0.831034 0.426227 0.062088 0.112423
1 0.889289 0.422139 0.062088 0.106291