14 0.056292 0.550363 0.070826 0.125913
13 0.124709 0.549720 0.061190 0.127198
10 0.191440 0.547151 0.068417 0.127198
11 0.256243 0.548435 0.064081 0.129768
11 0.323938 0.549720 0.067454 0.124629
14 0.390669 0.540726 0.066008 0.122059
14 0.455954 0.535587 0.065526 0.124629
16 0.520678 0.532054 0.066490 0.126556
16 0.586445 0.532696 0.068899 0.126556
11 0.652774 0.528199 0.069863 0.129126
15 0.718542 0.522739 0.074199 0.129768
13 0.785995 0.519527 0.072272 0.125913
14 0.852164 0.514066 0.075163 0.132980
16 0.920822 0.514387 0.073717 0.129768