11 0.059309 0.418007 0.081245 0.076533
16 0.129505 0.415814 0.074746 0.073121
17 0.195476 0.416301 0.071496 0.077021
13 0.262422 0.415814 0.067596 0.077021
11 0.331102 0.407527 0.067596 0.074096
11 0.396098 0.406552 0.063696 0.074096
17 0.460986 0.416545 0.064346 0.075558
13 0.526957 0.412401 0.063696 0.074096
17 0.591304 0.408502 0.066296 0.072146
16 0.657925 0.413132 0.068246 0.072633
9 0.721296 0.405577 0.070196 0.072146
15 0.788567 0.406795 0.077346 0.072633
12 0.850314 0.399483 0.078645 0.072633
13 0.918560 0.400214 0.082545 0.075071