24 0.059959 0.350086 0.074746 0.071658
26 0.124630 0.347161 0.070196 0.073608
18 0.189952 0.347893 0.076046 0.071171
21 0.254298 0.342774 0.069546 0.070683
19 0.318319 0.341799 0.070196 0.072633
21 0.383749 0.339118 0.066296 0.073121
18 0.447120 0.336193 0.068246 0.072146
23 0.511358 0.336681 0.066296 0.077996
25 0.574729 0.335706 0.065646 0.075071
24 0.639726 0.332537 0.065646 0.075558
20 0.705372 0.335949 0.070846 0.073608
23 0.769393 0.332293 0.067596 0.076046
22 0.835473 0.329125 0.071496 0.076533
23 0.901986 0.331075 0.072796 0.075558