11 0.072099 0.360383 0.076046 0.075045
14 0.140473 0.360383 0.075379 0.077046
11 0.206513 0.357881 0.070042 0.074044
13 0.269217 0.357381 0.072710 0.074044
14 0.338259 0.355880 0.069375 0.072043
10 0.405188 0.352878 0.065373 0.076046
11 0.471005 0.358132 0.065373 0.073544
15 0.538045 0.354379 0.067374 0.075045
16 0.605419 0.363385 0.068708 0.077046
13 0.674683 0.366637 0.068041 0.077547
16 0.743390 0.363218 0.072043 0.076046
14 0.814433 0.359216 0.075379 0.076046
16 0.879250 0.353379 0.076046 0.077046
14 0.950292 0.351878 0.080715 0.077046