14 0.429980 0.121406 0.110066 0.059035
12 0.429313 0.180942 0.107398 0.059035
20 0.432315 0.237226 0.108065 0.059536
31 0.433649 0.296678 0.108065 0.057034
13 0.432648 0.354963 0.111400 0.057535
20 0.434316 0.411747 0.109399 0.056034
10 0.431314 0.471283 0.111400 0.060036
19 0.431648 0.559919 0.116070 0.062538
1 0.435650 0.622123 0.109399 0.061537
20 0.415638 0.696168 0.080048 0.081549
28 0.430314 0.783720 0.112067 0.071543
19 0.423977 0.859015 0.083383 0.077046
2 0.438986 0.930558 0.110733 0.065039
7 0.691723 0.325550 0.115043 0.070683