20 0.460381 0.073933 0.114068 0.063371
25 0.457195 0.136736 0.113093 0.058009
20 0.450695 0.194501 0.110494 0.059472
21 0.457520 0.258360 0.111144 0.058497
18 0.459469 0.320188 0.109844 0.060934
26 0.456870 0.382097 0.115043 0.059959
25 0.465644 0.441812 0.110494 0.059472
26 0.472794 0.503965 0.110494 0.058009
18 0.470519 0.565711 0.113743 0.059959
20 0.477018 0.628026 0.115043 0.058497
26 0.473119 0.688960 0.113743 0.062396
22 0.474744 0.750626 0.116993 0.059959
25 0.472794 0.812047 0.110494 0.058984
19 0.482868 0.874687 0.113743 0.065321