29 0.518225 0.066901 0.067886 0.069183
31 0.520820 0.134355 0.068751 0.065724
33 0.528387 0.201520 0.066589 0.068607
30 0.517144 0.268974 0.070048 0.063994
30 0.520171 0.335563 0.065724 0.066877
31 0.519739 0.402440 0.067454 0.062265
31 0.527954 0.468548 0.065724 0.068030
27 0.524711 0.534849 0.065292 0.063418
29 0.528603 0.599035 0.065292 0.065724
28 0.521685 0.665912 0.065292 0.068030
33 0.519090 0.729138 0.066156 0.066877
28 0.523630 0.794862 0.065724 0.065724
32 0.519955 0.862028 0.064427 0.069760
30 0.517577 0.928040 0.064859 0.071489