2 0.186254 0.423639 0.056428 0.106369
2 0.240087 0.421477 0.060319 0.100316
7 0.292623 0.416288 0.053833 0.107234
0 0.345159 0.416288 0.056428 0.105504
7 0.398993 0.417586 0.053833 0.099451
3 0.449583 0.413694 0.052536 0.102045
3 0.500173 0.405046 0.053833 0.102045
2 0.553033 0.408938 0.050590 0.101180
6 0.603515 0.410667 0.049942 0.106369
4 0.658321 0.415856 0.054482 0.106369
5 0.710857 0.412829 0.051887 0.107234
0 0.761123 0.410667 0.053833 0.102910
4 0.814308 0.415424 0.051239 0.102045
7 0.866844 0.417153 0.053833 0.103775