11 0.072734 0.489351 0.069498 0.123324
16 0.139421 0.487648 0.066943 0.126731
17 0.204831 0.485263 0.066943 0.126050
13 0.269729 0.483219 0.064899 0.124687
11 0.332584 0.469933 0.062855 0.124006
11 0.395694 0.468797 0.059277 0.122643
17 0.459230 0.490600 0.066432 0.122643
13 0.523106 0.484127 0.063366 0.123324
17 0.586301 0.477314 0.063366 0.117874
16 0.650689 0.484809 0.066432 0.123324
9 0.713288 0.472204 0.065921 0.121280
15 0.778442 0.476973 0.070520 0.122643
12 0.839593 0.464709 0.069498 0.125368
13 0.906025 0.463800 0.072564 0.128094