7 0.064229 0.374188 0.066540 0.071887
7 0.127205 0.373891 0.062579 0.071293
2 0.190576 0.374782 0.065748 0.070699
3 0.258304 0.373891 0.068124 0.073669
6 0.321280 0.375376 0.064163 0.071887
3 0.385047 0.376069 0.066540 0.073669
5 0.448418 0.376862 0.064956 0.076046
4 0.511394 0.377456 0.062579 0.073669
2 0.575161 0.375673 0.064956 0.074857
6 0.640117 0.376564 0.061787 0.074263
2 0.704676 0.375079 0.064163 0.073669
4 0.767652 0.382803 0.063371 0.074857
0 0.834984 0.381614 0.066540 0.074857
0 0.903900 0.383694 0.069708 0.077828