26 0.107768 0.496797 0.065873 0.122260
19 0.170478 0.491527 0.061657 0.121557
26 0.231872 0.491527 0.062184 0.122962
20 0.291948 0.488014 0.061130 0.115936
21 0.351321 0.481690 0.060076 0.115936
22 0.411309 0.489771 0.060603 0.113828
25 0.471736 0.481339 0.059549 0.113828
25 0.528387 0.459908 0.057968 0.114531
19 0.587145 0.457801 0.058495 0.115936
21 0.645640 0.465530 0.057441 0.118746
25 0.704926 0.460962 0.059022 0.115233
23 0.763069 0.473961 0.064292 0.118746
24 0.822355 0.468691 0.061657 0.116639
25 0.879269 0.470799 0.064819 0.118044