17 0.432309 0.047529 0.119750 0.060968
6 0.428813 0.115707 0.118002 0.064901
25 0.428376 0.178314 0.117128 0.057690
5 0.430561 0.239500 0.119750 0.062934
13 0.433620 0.302216 0.117128 0.062934
0 0.430561 0.366461 0.119750 0.061623
29 0.668604 0.360233 0.126743 0.076701
16 0.440467 0.429614 0.119750 0.061623
22 0.440904 0.491893 0.117128 0.059001
9 0.431289 0.556903 0.120624 0.063590
27 0.433038 0.622132 0.115380 0.066868
27 0.417741 0.732595 0.114505 0.063590
32 0.398511 0.809296 0.084787 0.088501
2 0.417304 0.888292 0.120624 0.072112