4 0.344101 0.058497 0.110494 0.060447
28 0.352551 0.119431 0.109194 0.057522
3 0.348976 0.177440 0.109844 0.058497
6 0.355475 0.240242 0.112444 0.064834
30 0.356450 0.320757 0.114393 0.062396
1 0.342151 0.391927 0.085795 0.081895
33 0.362300 0.464317 0.115693 0.058984
13 0.383099 0.573917 0.115693 0.064346
25 0.371724 0.646875 0.082545 0.080920
32 0.399673 0.719021 0.112444 0.065321
5 0.396748 0.815541 0.080595 0.079945
8 0.425996 0.882324 0.109194 0.056547
28 0.430221 0.944721 0.111144 0.066296
9 0.661808 0.259067 0.101394 0.058058