2 0.048796 0.420786 0.070976 0.076046
4 0.119772 0.420469 0.067596 0.074144
8 0.192015 0.418251 0.073511 0.076046
0 0.259189 0.412548 0.069286 0.077313
3 0.328052 0.412548 0.066751 0.074778
6 0.394381 0.416350 0.069286 0.077313
1 0.464090 0.405894 0.070131 0.072877
6 0.527038 0.405260 0.065906 0.076679
4 0.591677 0.402408 0.068441 0.077313
7 0.659837 0.401246 0.065061 0.075412
0 0.722363 0.393325 0.068441 0.078580
3 0.788692 0.393642 0.062526 0.074144
0 0.858823 0.396493 0.072666 0.074778
8 0.928954 0.396177 0.070976 0.075412