33 0.311510 0.084363 0.113276 0.064163
20 0.317847 0.146150 0.111692 0.059411
17 0.315074 0.205561 0.114068 0.060599
7 0.324580 0.269724 0.117237 0.059411
30 0.313886 0.332007 0.113276 0.063569
9 0.298043 0.394091 0.116445 0.060599
15 0.305569 0.455284 0.117237 0.060599
9 0.302400 0.517962 0.115653 0.060005
29 0.299232 0.580343 0.114068 0.061193
8 0.306361 0.642724 0.110900 0.061193
6 0.316659 0.704313 0.112484 0.063569
30 0.324580 0.767288 0.117237 0.060005
28 0.324580 0.834125 0.112484 0.064163
26 0.682404 0.460710 0.121673 0.068441