31 0.510961 0.049622 0.071951 0.068203
27 0.509275 0.118575 0.069702 0.069702
29 0.510226 0.185473 0.071778 0.068030
32 0.508497 0.254657 0.073507 0.072642
31 0.507416 0.321245 0.070480 0.070913
33 0.509794 0.392350 0.070913 0.066301
27 0.512604 0.459612 0.068751 0.063994
33 0.514550 0.526489 0.071778 0.065148
27 0.516712 0.595096 0.070913 0.063994
31 0.511091 0.664855 0.076102 0.068607
30 0.510875 0.735480 0.074804 0.065724
29 0.513037 0.804087 0.076534 0.070336
33 0.509361 0.873942 0.073507 0.068607
33 0.510875 0.946297 0.075669 0.073795